date,adjClose,adjHigh,adjLow,adjVolume
1991-03-29,2.65683948590337,2.75660223339776,2.39430593986549,35200
1991-04-05,2.62533546037882,2.88786900641671,2.59383143485428,27200
1991-04-12,2.49406868735988,2.65683948590337,2.42843530085041,19900
1991-04-19,2.29716852783147,2.42843530085041,2.29716852783147,22600
1991-04-26,2.52557271288443,2.52557271288443,2.26303916684655,31600
1991-05-03,3.05063980496019,3.05063980496019,2.49406868735988,27000
1991-05-10,2.9876317539111,3.01913577943565,2.91937303194125,17700
1991-05-17,2.95350239292618,2.95350239292618,2.82223561990723,14800
1991-05-24,3.08476916594512,3.11889852693004,2.91937303194125,11500
1991-05-31,3.01913577943565,3.18190657797913,3.01913577943565,8000
1991-06-07,2.95350239292618,3.05063980496019,2.91937303194125,12900
1991-06-14,2.95350239292618,2.9876317539111,2.88786900641671,8600
1991-06-21,3.08476916594512,3.08476916594512,2.91937303194125,8000
1991-06-28,2.89952782949231,2.99813309575262,2.89952782949231,7200
1991-07-05,2.86488273594139,2.89952782949231,2.86488273594139,5100
1991-07-12,2.86488273594139,2.89952782949231,2.79825755603577,7000
1991-07-19,2.76627746968108,2.931507915847,2.76627746968108,13000
1991-07-26,2.86488273594139,2.86488273594139,2.66500719622455,19700
1991-08-02,2.73163237613016,2.83023764239047,2.73163237613016,4400
1991-08-09,2.63302710986985,2.76627746968108,2.63302710986985,8000
1991-08-16,2.73163237613016,2.73163237613016,2.63302710986985,9800
1991-08-23,2.83023764239047,2.86488273594139,2.66500719622455,7900
1991-08-30,2.86488273594139,2.89952782949231,2.79825755603577,8000
1991-09-06,2.9634880022017,2.9634880022017,2.79825755603577,7400
1991-09-13,2.931507915847,2.9634880022017,2.86488273594139,8300
1991-09-20,3.03277818930354,3.13138345556384,2.89952782949231,11400
1991-09-27,3.12651860606383,3.19245572956605,2.95343365687049,12700
1991-10-04,3.19245572956605,3.22817167146309,3.05508672226975,9800
1991-10-11,3.15948716781494,3.22817167146309,3.12651860606383,8200
1991-10-18,3.36554067875939,3.36554067875939,3.19245572956605,8700
1991-10-25,3.09080266416679,3.36554067875939,3.09080266416679,8400
1991-11-01,3.32982473686235,3.40125662065643,3.12651860606383,8400
1991-11-08,3.26388761336013,3.36554067875939,3.22817167146309,14100
1991-11-15,3.26388761336013,3.26388761336013,3.15948716781494,10100
1991-11-22,3.15948716781494,3.22817167146309,3.09080266416679,11900
1991-11-29,3.19245572956605,3.22817167146309,3.05508672226975,5800
1991-12-06,3.12651860606383,3.29685617511124,3.12651860606383,13900
1991-12-13,3.15948716781494,3.26388761336013,3.09080266416679,5700
1991-12-20,3.26388761336013,3.29685617511124,3.15948716781494,12200
1991-12-27,3.2549738911089,3.26388761336013,3.14741823209835,5800
1992-01-03,3.32573419308953,3.32573419308953,3.14741823209835,6500
1992-01-10,3.2889388360596,3.36252955011946,3.2549738911089,9600
1992-01-17,3.32573419308953,3.36252955011946,3.2210089461582,12000
1992-01-24,3.32573419308953,3.39649449507016,3.2549738911089,13200
1992-01-31,3.2889388360596,3.32573419308953,3.2549738911089,5700
1992-02-07,3.43045944002086,3.43045944002086,3.2549738911089,10600
1992-02-14,3.46725479705079,3.50405015408071,3.32573419308953,23900
1992-02-21,3.71350064794337,3.71350064794337,3.43045944002086,8100
1992-02-28,3.71350064794337,3.78709136200323,3.53801509903141,16800
1992-03-06,3.67953570299267,3.7502960049733,3.57198004398212,7600
1992-03-13,3.60877540101204,3.64557075804197,3.57198004398212,10500
1992-03-20,3.71350064794337,3.7502960049733,3.64557075804197,3300
1992-03-27,3.7031587576539,3.78709136200323,3.7031587576539,6200
1992-04-03,3.63054780162147,3.66540106051703,3.5956945427259,5600
1992-04-10,3.63054780162147,3.7031587576539,3.55793684558904,5000
1992-04-17,3.5956945427259,3.66540106051703,3.55793684558904,5000
1992-04-24,3.66540106051703,3.74091645479076,3.55793684558904,5100
1992-05-01,3.7031587576539,3.77576971368633,3.66540106051703,5600
1992-05-08,3.81062297258189,3.81062297258189,3.66540106051703,7600
1992-05-15,3.77576971368633,3.84838066971875,3.7031587576539,5700
1992-05-22,3.92099162575118,3.95584488464675,3.7031587576539,15900
1992-05-29,3.92099162575118,3.95584488464675,3.81062297258189,3200
1992-06-05,3.99360258178361,3.99360258178361,3.88613836685562,5400
1992-06-12,3.92099162575118,4.03136027892048,3.92099162575118,7700
1992-06-19,3.95584488464675,4.06621353781604,3.81062297258189,6800
1992-06-26,4.0905900730555,4.20066413320318,3.95584488464675,4900
1992-07-03,4.01621570809086,4.0905900730555,3.90316667334459,11100
1992-07-10,3.94184134312621,4.0905900730555,3.86746697816156,67100
1992-07-17,4.01621570809086,4.01621570809086,3.90316667334459,6000
1992-07-24,3.90316667334459,4.0905900730555,3.86746697816156,16400
1992-07-31,4.01621570809086,4.01621570809086,3.86746697816156,12200
1992-08-07,4.20066413320318,4.20066413320318,3.98051601290783,11000
1992-08-14,4.31371316794944,4.4267622026957,4.12926474283712,9500
1992-08-21,4.46246189787873,4.53683626284337,4.27801347276641,9400
1992-08-28,4.46246189787873,4.57551093262499,4.34941286313247,7600
1992-09-04,4.4267622026957,4.4267622026957,4.34941286313247,3000
1992-09-11,4.46246189787873,4.49816159306176,4.4267622026957,3800
1992-09-18,4.46246189787873,4.46246189787873,4.38808753291408,5500
1992-09-25,4.33957351738082,4.46246189787873,4.33957351738082,5700
1992-10-02,4.4157063861068,4.45225016309527,4.33957351738082,4700
1992-10-09,4.4157063861068,4.45225016309527,4.33957351738082,4600
1992-10-16,4.33957351738082,4.45225016309527,4.33957351738082,6500
1992-10-23,4.22689687166637,4.4157063861068,4.14771868819135,5900
1992-10-30,4.07463113421441,4.18730777992886,4.07463113421441,3200
1992-11-06,4.0350420424769,4.14771868819135,4.0350420424769,8000
1992-11-13,4.11117491120288,4.14771868819135,4.0350420424769,4800
1992-11-20,4.0350420424769,4.18730777992886,4.0350420424769,7500
1992-11-27,3.80664343629896,4.0350420424769,3.73051056757298,8000
1992-12-04,3.77009965931049,3.80664343629896,3.73051056757298,6600
1992-12-11,3.73051056757298,3.92236539676245,3.69092147583547,7800
1992-12-18,3.77009965931049,3.80664343629896,3.654377698847,9300
1992-12-25,3.7944621773028,3.80664343629896,3.69092147583547,5200
1993-01-01,3.83516185412206,3.83516185412206,3.71932431240572,10300
1993-01-08,3.87586153094131,3.9509993958384,3.75689324485426,5700
1993-01-15,3.9509993958384,4.10753661437399,3.87586153094131,6200
1993-01-22,4.03239874947691,4.03239874947691,3.87586153094131,6800
1993-01-29,3.9509993958384,4.03239874947691,3.9509993958384,3500
1993-02-05,3.99169907265765,4.06996768192545,3.9509993958384,6600
1993-02-12,3.99169907265765,4.06996768192545,3.9509993958384,4400
1993-02-19,4.03239874947691,4.06996768192545,3.91343046338986,7300
1993-02-26,4.06996768192545,4.14823629119325,3.91343046338986,5300
1993-03-05,4.3454731865481,4.42061105144518,4.03239874947691,7700
1993-03-12,4.46131072826444,4.53957933753223,4.38304211899664,7200
1993-03-19,4.42061105144518,4.53957933753223,4.30477350972884,7400
1993-03-26,4.41319002775164,4.42061105144518,4.30477350972884,6000
1993-04-02,4.49342984643804,4.5319449594075,4.37146532203472,5300
1993-04-09,4.57366966512443,4.65390948381082,4.49342984643804,3700
1993-04-16,4.61539437084136,4.69242459678029,4.5319449594075,5600
1993-04-23,4.69242459678029,4.73414930249722,4.57366966512443,6300
1993-04-30,4.73414930249722,4.81438912118361,4.73414930249722,6700
1993-05-07,4.73414930249722,4.81438912118361,4.73414930249722,3800
1993-05-14,4.73414930249722,4.77587400821414,4.61539437084136,4500
1993-05-21,4.77587400821414,4.85290423415308,4.65390948381082,8300
1993-05-28,4.61539437084136,4.73414930249722,4.61539437084136,4400
1993-06-04,4.65390948381082,4.73414930249722,4.61539437084136,3200
1993-06-11,4.61539437084136,4.69242459678029,4.57366966512443,4300
1993-06-18,4.85290423415308,4.85290423415308,4.61539437084136,3800
1993-06-25,4.80155075019379,4.93635364558693,4.80155075019379,4700
1993-07-02,4.80155075019379,4.84424579790413,4.7621399369227,3800
1993-07-09,4.84424579790413,4.88694084561447,4.72272912365162,5000
1993-07-16,4.96576247215664,4.96576247215664,4.72272912365162,12600
1993-07-23,4.84424579790413,4.92635165888556,4.84424579790413,3300
1993-07-30,5.09056338084841,5.09056338084841,4.84424579790413,9000
1993-08-06,5.09056338084841,5.12997419411949,5.00845751986698,5900
1993-08-13,5.33688096379268,5.37957601150303,5.09056338084841,16500
1993-08-20,5.41898682477411,5.4583976380452,5.29418591608234,6000
1993-08-27,5.29418591608234,5.50109268575554,5.21536428954017,10700
1993-09-03,5.50109268575554,5.54378773346588,5.41898682477411,9500
1993-09-10,5.58319854673696,5.58319854673696,5.37957601150303,7000
1993-09-17,5.58319854673696,5.58319854673696,5.4583976380452,10700
1993-09-24,5.61275665669027,5.7868210819709,5.4583976380452,15500
1993-10-01,5.86407411893014,6.03161909375671,5.61275665669027,7300
1993-10-08,6.11539158117,6.23937486254167,5.86407411893014,8700
1993-10-15,6.11539158117,6.28293655599658,6.11539158117,8100
1993-10-22,6.19916406858329,6.28293655599658,6.11539158117,8300
1993-10-29,6.11539158117,6.23937486254167,6.11539158117,7800
1993-11-05,5.86407411893014,6.19916406858329,5.86407411893014,5200
1993-11-12,5.94784660634343,6.03161909375671,5.82386332497176,8400
1993-11-19,5.61275665669027,5.94784660634343,5.56919496323537,5500
1993-11-26,5.36143919445041,5.56919496323537,5.32122840049203,10800
1993-12-03,5.32122840049203,5.65631835014518,5.32122840049203,10100
1993-12-10,5.65631835014518,5.65631835014518,5.40164998840879,3800
1993-12-17,5.56919496323537,5.65631835014518,5.52898416927699,2300
1993-12-24,5.78030163151685,5.78030163151685,5.56919496323537,5200
1993-12-31,5.55574135182392,5.77113317038694,5.55574135182392,6600
1994-01-07,5.42924139489008,5.60018728263851,5.42924139489008,4100
1994-01-14,5.72668723957235,5.81216018344656,5.3403495332609,7800
1994-01-21,5.68224130875775,5.85318719650618,5.68224130875775,5300
1994-01-28,5.77113317038694,5.85318719650618,5.68224130875775,5000
1994-02-04,5.64121429569813,5.85318719650618,5.64121429569813,5500
1994-02-11,5.60018728263851,5.77113317038694,5.60018728263851,5900
1994-02-18,5.64121429569813,5.72668723957235,5.60018728263851,7800
1994-02-25,5.42924139489008,5.72668723957235,5.42924139489008,15800
1994-03-04,5.51129542100933,5.55574135182392,5.3403495332609,15000
1994-03-11,5.94207905813536,5.94207905813536,5.60018728263851,7400
1994-03-18,5.77113317038694,5.98310607119499,5.77113317038694,7100
1994-03-25,5.67198455549285,5.81216018344656,5.67198455549285,5000
1994-04-01,5.62660867904891,5.75924585634658,5.62660867904891,5400
1994-04-08,5.41020065293164,5.67198455549285,5.41020065293164,5300
1994-04-15,5.45208607734143,5.67198455549285,5.41020065293164,7000
1994-04-22,5.54283783022932,5.54283783022932,5.41020065293164,2500
1994-04-29,5.54283783022932,5.58472325463911,5.54283783022932,2300
1994-05-06,5.54283783022932,5.58472325463911,5.45208607734143,6500
1994-05-13,5.62660867904891,5.62660867904891,5.54283783022932,3200
1994-05-20,5.58472325463911,5.71736043193679,5.49746195378538,5300
1994-05-27,5.62660867904891,5.67198455549285,5.58472325463911,4600
1994-06-03,5.67198455549285,5.80113128075638,5.62660867904891,6100
1994-06-10,5.75924585634658,5.75924585634658,5.67198455549285,3000
1994-06-17,5.71736043193679,5.84650715720032,5.71736043193679,5300
1994-06-24,5.74528404820999,5.74528404820999,5.67198455549285,2500
1994-07-01,5.79161698408265,5.83794991995531,5.74528404820999,3000
1994-07-08,5.88071878383777,5.88071878383777,5.79161698408265,700
1994-07-15,5.83794991995531,6.01615351946554,5.83794991995531,3300
1994-07-22,5.83794991995531,5.88071878383777,5.79161698408265,4000
1994-07-29,6.01615351946554,6.01615351946554,5.88071878383777,6200
1994-08-05,5.88071878383777,6.058922383348,5.74528404820999,6500
1994-08-12,5.96982058359288,6.058922383348,5.92348764772022,5400
1994-08-19,5.96982058359288,6.01615351946554,5.96982058359288,3500
1994-08-26,5.96982058359288,5.96982058359288,5.96982058359288,3700
1994-09-02,6.058922383348,6.058922383348,5.92348764772022,3600
1994-09-09,5.96982058359288,6.10169124723046,5.96982058359288,4600
1994-09-16,5.92348764772022,6.01615351946554,5.92348764772022,4600
1994-09-23,5.83794991995531,5.96982058359288,5.83794991995531,6000
1994-09-30,5.86737133423445,5.9146888449944,5.82369363199449,2400
1994-10-07,6.2313521862341,6.2313521862341,5.96200635575436,13200
1994-10-14,6.14399678175419,6.32598720775401,6.14399678175419,12900
1994-10-21,6.18767448399415,6.32598720775401,6.09667927099423,8000
1994-10-28,6.14399678175419,6.27866969699406,6.04936176023428,12900
1994-11-04,6.09667927099423,6.18767448399415,6.04936176023428,5000
1994-11-11,6.00568405799432,6.09667927099423,6.00568405799432,7600
1994-11-18,5.9146888449944,6.09667927099423,5.9146888449944,4900
1994-11-25,5.82369363199449,5.9146888449944,5.82369363199449,2000
1994-12-02,5.68538090823462,5.86737133423445,5.68538090823462,3000
1994-12-09,5.68538090823462,5.68538090823462,5.68538090823462,1300
1994-12-16,5.78001592975453,5.82369363199449,5.64170320599466,5400
1994-12-23,5.62714397191468,5.78001592975453,5.62714397191468,5800
1994-12-30,5.5824840991217,5.62714397191468,5.53782422632873,3300
1995-01-06,5.76856690242576,5.76856690242576,5.5824840991217,3100
1995-01-13,5.81322677521873,5.86160830407779,5.72390702963279,4700
1995-01-20,5.90998983293684,5.90998983293684,5.76856690242576,2800
1995-01-27,5.95464970572982,5.99930957852279,5.81322677521873,4400
1995-02-03,5.90998983293684,5.95464970572982,5.90998983293684,1600
1995-02-10,6.04769110738185,6.18539238182685,5.90998983293684,4500
1995-02-17,5.90998983293684,6.04769110738185,5.90998983293684,3000
1995-02-24,5.99930957852279,6.04769110738185,5.86160830407779,3800
1995-03-03,6.0960726362409,6.14073250903387,5.95464970572982,8200
1995-03-10,6.18539238182685,6.28215543954496,6.0960726362409,7000
1995-03-17,6.0960726362409,6.18539238182685,6.0960726362409,2300
1995-03-24,6.14073250903387,6.18539238182685,6.0960726362409,4200
1995-03-31,6.17524786771124,6.17524786771124,6.12584588476955,2900
1995-04-07,6.12584588476955,6.17524786771124,6.12584588476955,2700
1995-04-14,6.08024405436183,6.22464985065293,6.03464222395412,3500
1995-04-21,5.98524024101243,6.08024405436183,5.89023642766303,7900
1995-04-28,6.12584588476955,6.12584588476955,5.93583825807074,3900
1995-05-05,6.27025168106064,6.36525549441005,6.08024405436183,3200
1995-05-12,6.27025168106064,6.31585351146836,6.27025168106064,2900
1995-05-19,6.22464985065293,6.31585351146836,6.12584588476955,6200
1995-05-26,6.31585351146836,6.36525549441005,6.17524786771124,7300
1995-06-02,6.27025168106064,6.36525549441005,6.22464985065293,4200
1995-06-09,6.27025168106064,6.36525549441005,6.27025168106064,3300
1995-06-16,6.60466510405054,6.60466510405054,6.27025168106064,5400
1995-06-23,6.31585351146836,6.60466510405054,6.31585351146836,7400
1995-06-30,6.2520754363345,6.41465747735174,6.2520754363345,7100
1995-07-07,6.39945686721583,6.49641833490092,6.30249539953074,2400
1995-07-14,6.44599837170467,6.49641833490092,6.35291536272699,5300
1995-07-21,6.44599837170467,6.54683829809716,6.44599837170467,2400
1995-07-28,6.44599837170467,6.44599837170467,6.35291536272699,7800
1995-08-04,6.54683829809716,6.54683829809716,6.39945686721583,4200
1995-08-11,6.74076123346734,6.83384424244503,6.63992130707485,4000
1995-08-18,6.54683829809716,6.74076123346734,6.54683829809716,3700
1995-08-25,6.59337980258601,6.59337980258601,6.44599837170467,5300
1995-09-01,6.49641833490092,6.63992130707485,6.49641833490092,4900
1995-09-08,6.49641833490092,6.59337980258601,6.49641833490092,3100
1995-09-15,6.49641833490092,6.54683829809716,6.49641833490092,5400
1995-09-22,6.59337980258601,6.59337980258601,6.49641833490092,4300
1995-09-29,6.93326708422323,6.93326708422323,6.54683829809716,3400
1995-10-06,6.78342427924878,6.93326708422323,6.78342427924878,4200
1995-10-13,6.78342427924878,6.78342427924878,6.63358147427433,4200
1995-10-20,6.83607175126683,6.93326708422323,6.78342427924878,4600
1995-10-27,7.18840483323378,7.18840483323378,6.88466941774503,3900
1995-11-03,7.08715969473753,7.24105230525183,7.08715969473753,10200
1995-11-10,6.93326708422323,7.13575736121573,6.93326708422323,4900
1995-11-17,6.88466941774503,6.98591455624128,6.88466941774503,6300
1995-11-24,6.83607175126683,6.93326708422323,6.78342427924878,12900
1995-12-01,7.08715969473753,7.08715969473753,6.83607175126683,5700
1995-12-08,7.08715969473753,7.13575736121573,7.03856202825933,4100
1995-12-15,7.08715969473753,7.18840483323378,7.08715969473753,5300
1995-12-22,6.98591455624128,7.08715969473753,6.98591455624128,5200
1995-12-29,7.20525902986734,7.20525902986734,6.98591455624128,3700
1996-01-05,7.25955953270112,7.30968307377846,7.15095852703356,4100
1996-01-12,7.20525902986734,7.25955953270112,7.15095852703356,3100
1996-01-19,7.20525902986734,7.30968307377846,7.05071144487888,9200
1996-01-26,7.41410711768958,7.41410711768958,7.15095852703356,7000
1996-02-02,7.46840762052337,7.5185311616007,7.3598066148558,11000
1996-02-09,7.46840762052337,7.5185311616007,7.3598066148558,6700
1996-02-16,7.46840762052337,7.5185311616007,7.41410711768958,5100
1996-02-23,7.56865470267804,7.62295520551183,7.41410711768958,3600
1996-03-01,7.3598066148558,7.67725570834561,7.3598066148558,6000
1996-03-08,7.41410711768958,7.41410711768958,7.30968307377846,4300
1996-03-15,7.46840762052337,7.5185311616007,7.3598066148558,5600
1996-03-22,7.5185311616007,7.5185311616007,7.30968307377846,11100
1996-03-29,7.50378441974941,7.56865470267804,7.40157623242025,7700
1996-04-05,7.55914718788604,7.66561404968725,7.50378441974941,6800
1996-04-12,7.77208091148847,7.77208091148847,7.55914718788604,8000
1996-04-19,7.87854777328968,7.87854777328968,7.71671814335184,3300
1996-04-26,7.87854777328968,7.87854777328968,7.71671814335184,8500
1996-05-03,7.71671814335184,7.87854777328968,7.71671814335184,5100
1996-05-10,7.77208091148847,7.8274436796251,7.61450995602267,5700
1996-05-17,7.71671814335184,7.8274436796251,7.71671814335184,7800
1996-05-24,7.66561404968725,7.71671814335184,7.66561404968725,2900
1996-05-31,7.77208091148847,7.8274436796251,7.66561404968725,6500
1996-06-07,7.77208091148847,7.8274436796251,7.77208091148847,3900
1996-06-14,7.77208091148847,7.77208091148847,7.77208091148847,1600
1996-06-21,7.8274436796251,7.87854777328968,7.71671814335184,3400
1996-06-28,8.13377655158025,8.19017073567121,7.8274436796251,9800
1996-07-05,8.24222690560132,8.24222690560132,8.13377655158025,2600
1996-07-12,8.13377655158025,8.24222690560132,8.13377655158025,5000
1996-07-19,8.19017073567121,8.19017073567121,8.13377655158025,5800
1996-07-26,8.24222690560132,8.29428307553144,8.02532619755918,13900
1996-08-02,8.19017073567121,8.24222690560132,8.19017073567121,3600
1996-08-09,8.24222690560132,8.29428307553144,8.19017073567121,3900
1996-08-16,8.40707144371335,8.45912761364346,8.24222690560132,8400
1996-08-23,8.6760283216856,8.89292902972774,8.40707144371335,9600
1996-08-30,8.72808449161572,8.84087285979763,8.6760283216856,8800
1996-09-06,8.72808449161572,8.72808449161572,8.6760283216856,4800
1996-09-13,8.56757796766453,8.84087285979763,8.45912761364346,9400
1996-09-20,8.24222690560132,8.45912761364346,8.24222690560132,4300
1996-09-27,8.44365046142554,8.55846997606836,8.22284370249705,8000
1996-10-04,8.44365046142554,8.55846997606836,8.44365046142554,5900
1996-10-11,8.72186697767544,8.77927673499685,8.44365046142554,8100
1996-10-18,8.72186697767544,8.77927673499685,8.50106021874695,12400
1996-10-25,8.77927673499685,8.77927673499685,8.6114635982112,6100
1996-11-01,8.72186697767544,8.77927673499685,8.6114635982112,7600
1996-11-08,8.83227035713969,8.83227035713969,8.66445722035404,7900
1996-11-15,8.88526397928253,8.94267373660393,8.72186697767544,7600
1996-11-22,8.72186697767544,8.94267373660393,8.72186697767544,10000
1996-11-29,8.88526397928253,8.94267373660393,8.66445722035404,10200
1996-12-06,8.83227035713969,8.94267373660393,8.77927673499685,6800
1996-12-13,8.88526397928253,8.88526397928253,8.77927673499685,5100
1996-12-20,8.83227035713969,8.94267373660393,8.83227035713969,7400
1996-12-27,9.0354125753539,9.0354125753539,8.83227035713969,2300
1997-01-03,8.92763429413696,9.09379247767975,8.86925439181111,6700
1997-01-10,9.0354125753539,9.09379247767975,8.98152343474543,7900
1997-01-17,9.09379247767975,9.15217238000559,9.0354125753539,5600
1997-01-24,9.09379247767975,9.15217238000559,9.0354125753539,5000
1997-01-31,9.09379247767975,9.15217238000559,9.09379247767975,8900
1997-02-07,8.98152343474543,9.15217238000559,8.98152343474543,6500
1997-02-14,9.09379247767975,9.15217238000559,9.0354125753539,6900
1997-02-21,9.0354125753539,9.09379247767975,9.0354125753539,4100
1997-02-28,9.0354125753539,9.09379247767975,9.0354125753539,2400
1997-03-07,8.92763429413696,9.09379247767975,8.92763429413696,4000
1997-03-14,8.81087448948527,8.92763429413696,8.81087448948527,3100
1997-03-21,8.98152343474543,9.0354125753539,8.81087448948527,5000
1997-03-28,8.96356038787594,9.0354125753539,8.85391438924749,6200
1997-04-04,9.02295197046635,9.13716655237099,8.90873738856171,5200
1997-04-11,9.13716655237099,9.19198955168521,8.85391438924749,4800
1997-04-18,9.02295197046635,9.08234355305676,8.90873738856171,6500
1997-04-25,8.96356038787594,9.02295197046635,8.90873738856171,4200
1997-05-02,8.96356038787594,9.02295197046635,8.90873738856171,11600
1997-05-09,8.96356038787594,9.02295197046635,8.90873738856171,7600
1997-05-16,8.96356038787594,9.02295197046635,8.90873738856171,7900
1997-05-23,8.96356038787594,9.02295197046635,8.90873738856171,1600
1997-05-30,9.02295197046635,9.08234355305676,8.96356038787594,3700
1997-06-06,8.96356038787594,9.02295197046635,8.96356038787594,10400
1997-06-13,9.10975505271387,9.10975505271387,8.96356038787594,7200
1997-06-20,9.05036347012346,9.13716655237099,9.02295197046635,14700
1997-06-27,9.18027523559243,9.20816467934613,9.05036347012346,9800
1997-07-04,9.11984810745941,9.20816467934613,9.09195866370572,4300
1997-07-11,9.20816467934613,9.26859180747914,9.15238579183873,15600
1997-07-18,9.15238579183873,9.35226013874024,9.15238579183873,12300
1997-07-25,9.11984810745941,9.18027523559243,9.09195866370572,5300
1997-08-01,9.24070236372544,9.26859180747914,9.11984810745941,9500
1997-08-08,9.06406921995202,9.29648125123284,9.06406921995202,4800
1997-08-15,9.29648125123284,9.32437069498654,8.97575264806531,16100
1997-08-22,9.26859180747914,9.35226013874024,9.26859180747914,29800
1997-08-29,9.47311439500626,9.47311439500626,9.26859180747914,16700
1997-09-05,9.50100383875996,9.58467217002106,9.35226013874024,17400
1997-09-12,9.52889328251366,9.55678272626736,9.41268726687325,8500
1997-09-19,9.44057671062695,9.47311439500626,9.41268726687325,5600
1997-09-26,10.0355515107058,10.0355515107058,9.41268726687325,28900
1997-10-03,10.3897474463778,10.5078127582685,9.97415754852271,29400
1997-10-10,10.5692067204516,10.5692067204516,10.3330760966703,12300
1997-10-17,10.7439433820498,10.7439433820498,10.5692067204516,5700
1997-10-24,10.8620086939404,11.0981393177218,10.6825494198667,9200
1997-10-31,10.5692067204516,10.8620086939404,10.5078127582685,14100
1997-11-07,10.8620086939404,10.918680043648,10.6825494198667,10000
1997-11-14,10.6825494198667,10.9800740058311,10.6542137450129,8600
1997-11-21,10.5692067204516,10.6825494198667,10.4464187960853,10500
1997-11-28,10.6258780701591,10.6825494198667,10.5692067204516,2400
1997-12-05,10.5692067204516,10.6825494198667,10.5078127582685,13700
1997-12-12,10.6825494198667,10.6825494198667,10.5078127582685,5300
1997-12-19,10.5078127582685,10.6258780701591,10.5078127582685,5700
1997-12-26,10.4464187960853,10.5692067204516,10.3330760966703,3800
1998-01-02,10.6078634502067,10.6078634502067,10.5503162705491,1600
1998-01-09,10.670206228169,10.670206228169,10.5503162705491,7100
1998-01-16,11.2696560162684,11.2696560162684,10.6078634502067,11800
1998-01-23,11.4518887518506,11.5669831111657,11.4518887518506,10500
1998-01-30,11.3607723840595,11.5094359315081,11.2696560162684,15700
1998-02-06,11.2696560162684,11.4518887518506,11.1497660586485,32500
1998-02-13,11.0586496908574,11.2696560162684,10.9723289213711,14400
1998-02-20,10.9723289213711,11.2121088366108,10.9723289213711,25400
1998-02-27,10.3105363553094,11.0874232806862,9.83097652482986,114100
1998-03-06,10.459199902758,10.459199902758,10.1906463976895,109200
1998-03-13,10.902273036926,10.902273036926,10.3105363553094,61000
1998-03-20,11.8765601715932,11.8765601715932,10.7171584813392,29900
1998-03-27,11.8132315078398,11.9350173996732,11.7547742797598,4200
1998-04-03,11.7206742300464,11.9350173996732,11.6329883879264,12300
1998-04-10,12.12013195526,12.1493605693,11.6914456160064,29900
1998-04-17,12.17858918334,12.2419178470934,12.0568032915066,40100
1998-04-24,11.9983460634266,12.17858918334,11.8765601715932,12900
1998-05-01,11.9642460137132,11.9983460634266,11.8765601715932,26100
1998-05-08,12.3637037389268,12.4221609670068,11.8132315078398,62100
1998-05-15,12.4221609670068,12.4854896307602,12.12013195526,41400
1998-05-22,11.6329883879264,12.5439468588402,11.6329883879264,525400
1998-05-29,11.6329883879264,11.8132315078398,11.511202496093,204000
1998-06-05,11.540431110133,11.6329883879264,11.511202496093,75800
1998-06-12,11.0532875427994,11.569659724173,10.9892533458046,107900
1998-06-19,11.9743948380327,12.0088747902606,11.0237332980325,79000
1998-06-26,11.5754125336803,11.8216979067373,11.4522698471518,183000
1998-07-03,11.5754125336803,11.7921436619705,11.5163040441466,131600
1998-07-10,12.2847144080845,12.8068393989654,11.6394467306751,91000
1998-07-17,13.0826790167893,13.1171589690173,12.0088747902606,187400
1998-07-24,11.9743948380327,13.0235705272556,11.9743948380327,65600
1998-07-31,11.146875984561,11.915286348499,11.1123960323331,86900
1998-08-07,11.0828417875662,11.0828417875662,10.2208429818666,179600
1998-08-14,10.5607167966853,11.2700186710896,10.2208429818666,75300
1998-08-21,10.4375741101568,11.3291271606232,10.373539913162,53500
1998-08-28,10.1912887370998,10.4966825996905,10.1617344923329,54600
1998-09-04,9.42287837316186,10.2848771788615,9.42287837316186,315300
1998-09-11,9.42287837316186,9.7923064327474,9.20614724487167,114300
1998-09-18,9.73231611634832,9.73231611634832,9.20327739412631,49700
1998-09-25,9.85708939989125,10.6706112085911,9.67242494024771,156300
1998-10-02,10.4210646415053,10.4210646415053,9.79719822379064,62900
1998-10-09,8.98367641509076,10.2962913579623,8.98367641509076,105100
1998-10-16,9.60754283280539,9.79719822379064,9.10844969863368,42700
1998-10-23,9.92197150733357,10.2962913579623,9.73231611634832,35200
1998-10-30,10.0467447908765,10.1365815550274,9.79719822379064,36500
1998-11-06,11.1697043427628,11.1697043427628,10.1715180744194,70400
1998-11-13,11.1697043427628,11.7286886530352,10.9800489517776,51300
1998-11-20,11.1048222353205,11.1697043427628,10.9501033637273,47100
1998-11-27,11.1697043427628,11.4192509098487,10.8552756682347,100500
1998-12-04,11.978235220121,12.0730629156136,11.2295955188634,126200
1998-12-11,11.8534619365781,12.1678906111063,11.7586342410855,57600
1998-12-18,12.0451349381057,12.1712355970055,11.7273612776783,142800
1998-12-25,11.919034279206,12.1056632543776,11.8534619365781,47500
1999-01-01,12.0451349381057,12.0451349381057,11.2885309847071,77900
1999-01-08,11.6012606187785,11.9795625954778,11.4751599598788,158900
1999-01-15,11.6012606187785,11.7273612776783,11.349059300979,70600
1999-01-22,11.6668329614064,11.6970971195424,11.2229586420792,83100
1999-01-29,11.4448958017428,11.5407323025067,11.2229586420792,69800
1999-02-05,11.2885309847071,11.6012606187785,11.0968579831795,40200
1999-02-12,11.2532228002152,11.349059300979,11.0968579831795,115600
1999-02-19,11.0968579831795,11.1926944839433,10.9102290080078,27000
1999-02-26,11.6668329614064,11.8534619365781,11.0665938250435,122700
1999-03-05,11.5709964606426,11.8231977784421,11.5054241180147,62000
1999-03-12,11.4758361028219,11.6668329614064,11.0968579831795,34700
1999-03-19,10.996401172304,11.4146316436069,10.9657989426965,102600
1999-03-26,11.1596130635442,11.2871223535755,10.9045944834815,70200
1999-04-02,11.0321037735128,11.2208175227592,10.996401172304,37400
1999-04-09,11.2514197523668,11.2871223535755,11.0321037735128,96000
1999-04-16,11.4146316436069,11.5064383324295,11.0933082327279,120900
1999-04-23,12.0521780937637,12.0827803233712,11.5064383324295,45600
1999-04-30,11.9246688037323,11.9858732629474,11.7308546828847,46800
1999-05-07,12.3071966738264,12.3071966738264,11.858363972916,51200
1999-05-14,13.0722524140145,13.4547802841086,12.2408918430101,96900
1999-05-21,12.4347059638577,13.0059475831982,11.7308546828847,501200
1999-05-28,12.6897245439204,12.6897245439204,12.3071966738264,33500
1999-06-04,13.102854643622,13.3272709940772,12.4653081934653,74300
1999-06-11,12.8784382931668,13.1334568732296,12.8166217893596,38300
1999-06-18,12.7187456583316,13.1360070590302,12.6208695273035,87900
1999-06-25,12.2345163785085,12.6517777792071,11.9769476126452,64600
1999-07-02,12.6208695273035,12.7496539102352,12.301484257633,49100
1999-07-09,12.687837406428,12.687837406428,12.4302686405646,38900
1999-07-16,13.3935758248935,13.3935758248935,12.4920851443718,88800
1999-07-23,13.074190555223,13.3935758248935,12.8475300412632,107600
1999-07-30,12.5590530234963,13.2029749381546,12.301484257633,65400
1999-08-06,12.1726998747013,12.7496539102352,12.0439154917696,60700
1999-08-13,12.3633007614402,12.4302686405646,12.2345163785085,83100
1999-08-20,12.1366402474804,12.3633007614402,12.0439154917696,33500
1999-08-27,11.7863467259063,12.2345163785085,11.7193788467818,57400
1999-09-03,11.6575623429746,11.8172549778099,11.2712091941796,77300
1999-09-10,11.915131108838,12.0439154917696,11.6215027157538,107700
1999-09-17,11.9762237920753,12.0751578147055,11.8460474465093,52500
1999-09-24,12.0439154917696,12.1064001376413,11.9137391462036,94400
1999-10-01,12.1064001376413,13.5383399388677,11.7835628006376,315500
1999-10-08,12.3667528287734,12.5646208740338,11.9762237920753,73100
1999-10-15,11.8460474465093,12.3667528287734,11.1951657186791,78100
1999-10-22,11.5232101095055,11.7835628006376,11.3930337639395,77100
1999-10-29,11.7835628006376,11.9449814691394,11.4555184098111,69100
1999-11-05,11.6846287780074,12.2365764832074,11.6846287780074,66400
1999-11-12,11.4242760868753,11.6846287780074,11.2628574183734,58100
1999-11-19,11.3253420642451,11.5232101095055,11.064989373113,70600
1999-11-26,11.1951657186791,11.3930337639395,10.5442839908489,127300
1999-12-03,11.2264080416149,11.3930337639395,11.1951657186791,44500
1999-12-10,11.1951657186791,11.4555184098111,11.1639233957432,78700
1999-12-17,11.688806530493,11.7888909487351,11.1936520402423,200600
1999-12-24,11.6572009247323,11.920580972738,11.457032088248,87700
1999-12-31,11.9837921842594,11.9837921842594,11.5255109007294,29200
2000-01-07,11.920580972738,11.920580972738,11.1936520402423,39700
2000-01-14,11.7888909487351,12.0522709967408,11.5255109007294,60200
2000-01-21,11.7888909487351,11.9837921842594,11.7204121362537,36500
2000-01-28,11.5887221122508,11.920580972738,11.5887221122508,43100
2000-02-04,11.8204965544958,11.9837921842594,11.6203277180115,36300
2000-02-11,11.6572009247323,11.8521021602565,11.5571165064901,107900
2000-02-18,11.457032088248,11.688806530493,11.3253420642451,70800
2000-02-25,11.4254264824873,11.5255109007294,11.3938208767266,51100
2000-03-03,11.5255109007294,11.8521021602565,11.3253420642451,113800
2000-03-10,11.2621308527237,11.5887221122508,11.2621308527237,265800
2000-03-17,10.7969759923312,11.1968639920472,10.6636799924259,419300
2000-03-24,10.866289912282,10.9995859121873,10.5996979124714,146200
2000-03-31,10.866289912282,11.0635679921419,10.6636799924259,247200
2000-04-07,11.2981689519753,11.4954470318351,10.7969759923312,77300
2000-04-14,11.8633439915738,12.0659539114299,11.3301599919525,251900
2000-04-21,11.7620390316458,11.8313529515966,11.5967519917632,38200
2000-04-28,11.8633439915738,11.9326579115246,11.6980569516912,56200
2000-05-05,12.4978329511232,12.5298239911005,11.8313529515966,74400
2000-05-12,13.2656179105778,13.2656179105778,12.2952230312671,30600
2000-05-19,12.5298239911005,13.3989139104832,12.5298239911005,254800
2000-05-26,12.5298239911005,12.6631199910058,12.1619270313618,64400
2000-06-02,12.6631199910058,12.7324339109565,12.4658419111459,22700
2000-06-09,12.7964159909111,12.7964159909111,12.6631199910058,73800
2000-06-16,12.7950274909121,12.9997479307667,12.5991379110512,144900
2000-06-23,12.8650634308623,12.9997479307667,12.730378930958,210800
2000-06-30,12.9404867508088,12.9997479307667,12.762703210935,534700
2000-07-07,13.8078549301927,13.942539430097,12.8650634308623,885700
2000-07-14,13.6031344903381,13.7378189902425,13.3337654905294,267100
2000-07-21,13.6731704302884,13.7378189902425,13.4684499904338,57500
2000-07-28,13.538485930384,13.7378189902425,13.4038014304797,121600
2000-08-04,14.0772239300014,14.1418724899555,13.5708102103611,258900
2000-08-11,14.4112414897641,14.4112414897641,13.942539430097,157900
2000-08-18,14.3465929298101,14.6159619296187,14.1418724899555,352000
2000-08-25,14.1095482099784,14.4112414897641,14.1095482099784,18100
2000-09-01,14.2765569898598,14.3789172097871,14.1095482099784,90700
2000-09-08,14.5136017096914,14.5782502696455,14.1418724899555,63200
2000-09-15,14.7113606629038,15.2223983208169,14.4112414897641,218600
2000-09-22,14.6135023879843,14.8146555086522,14.4069126964875,100400
2000-09-29,14.8146555086522,15.2930737415922,14.1350841550443,186000
2000-10-06,14.2329424299638,14.8690212169408,13.9991698843227,151200
2000-10-13,14.1296475842154,14.4069126964875,13.9991698843227,87800
2000-10-20,14.3525469881988,14.4069126964875,14.1785767216752,39100
2000-10-27,14.2492521424504,14.3797298423431,14.1894498633329,74800
2000-11-03,14.2709984257659,14.2981812799102,14.1350841550443,135900
2000-11-10,14.4340955506318,14.6787412379306,14.1894498633329,183400
2000-11-17,14.4069126964875,14.542826967209,14.3797298423431,82400
2000-11-24,14.6787412379306,14.6787412379306,14.4069126964875,56400
2000-12-01,14.6515583837863,14.7602898003636,14.4884612589204,83400
2000-12-08,14.9505697793738,14.9505697793738,14.5700098213533,119400
2000-12-15,15.2640653230736,15.2860122178587,14.8141539799779,81500
2000-12-22,15.291498941555,15.3628263496068,14.9513220723851,132900
2000-12-29,15.253091875681,15.7962775216135,15.1982246387181,53300
2001-01-05,15.4561006524437,15.938932337717,15.1927379150218,109800
2001-01-12,15.3573396259105,16.0267199168576,14.9787556908666,92900
2001-01-19,15.1159237832738,15.4725608235325,14.9513220723851,51000
2001-01-26,14.7592867430151,15.1159237832738,14.7263664008373,65600
2001-02-02,14.567251413645,15.0884901647923,14.5398177951635,66200
2001-02-09,14.4300833212378,14.8141539799779,14.4300833212378,50100
2001-02-16,14.3752160842749,14.6495522690893,14.2654816103491,90700
2001-02-23,14.5398177951635,14.5398177951635,14.2654816103491,45300
2001-03-02,15.3353927311253,15.3628263496068,14.4849505582007,79700
2001-03-09,14.9568087960814,15.4176935865696,14.9513220723851,122200
2001-03-16,14.7044195060522,15.1543308491478,14.6495522690893,128200
2001-03-23,15.110145640187,15.3153109204391,14.6942700721085,162500
2001-03-30,15.0546955644432,15.53156621584,14.9715204508275,195200
2001-04-06,14.8051702235961,15.110145640187,14.6942700721085,188100
2001-04-13,14.555644882749,14.9715204508275,14.4170196933895,189900
2001-04-20,14.6388199963647,14.7996252160217,14.3061195419019,137900
2001-04-27,14.7774451857242,14.7774451857242,14.4170196933895,79700
2001-05-04,14.9160703750837,14.9160703750837,14.6388199963647,77600
2001-05-11,14.4613797539845,14.8606202993399,14.4170196933895,102000
2001-05-18,14.7219951099804,14.8495302841912,14.4502897388357,155200
2001-05-25,14.6388199963647,14.8994353523606,14.4724697691333,160400
2001-06-01,14.7719001781498,14.7719001781498,14.5833699206209,114500
2001-06-08,15.4539361097986,15.6091963218813,14.6942700721085,84300
2001-06-15,15.1263062237594,16.0282822615466,14.846189441838,223700
2001-06-22,15.4512416907883,15.6865397876024,14.9022127982223,398500
2001-06-29,15.6865397876024,16.5661064828358,15.4568440264268,285400
2001-07-06,15.7705748221788,16.0506916041003,15.759370150902,63900
2001-07-13,15.1655225732284,15.994668247716,15.1263062237594,168900
2001-07-20,15.4064230056809,15.4624463620652,15.1263062237594,99500
2001-07-27,16.2747850296375,16.3308083860218,15.4904580402573,115500
2001-08-03,16.1627383168689,16.386831742406,16.1067149604846,92900
2001-08-10,16.0226799259081,16.4148434205982,16.0226799259081,60300
2001-08-17,16.5829134897511,16.8070069152883,15.9666565695238,308900
2001-08-24,16.1795453237842,16.5829134897511,16.1067149604846,114300
2001-08-31,15.83780284984,16.2467733514453,15.7537678152635,263600
2001-09-07,15.5744930748338,15.8546098567553,15.5184697184495,292600
2001-09-14,15.8546098567553,15.8546098567553,15.6585281094102,51100
2001-09-21,14.963838490245,15.798586500371,14.7621544072615,461300
2001-09-28,15.5184697184495,15.798586500371,14.5660726599165,199700
2001-10-05,15.0702828673751,15.6865397876024,14.9862478327987,143700
2001-10-12,15.5184697184495,15.5632884035569,14.9806454971603,61800
2001-10-19,15.6865397876024,15.9106332131395,15.6305164312181,232100
2001-10-26,15.4064230056809,15.798586500371,15.3111832998276,113800
2001-11-02,15.7929841647325,15.8546098567553,15.4064230056809,111500
2001-11-09,15.8265981785631,16.2187616732532,15.7425631439867,63400
2001-11-16,16.1459313099536,16.190749995061,15.8265981785631,101800
2001-11-23,16.3700247354908,16.3700247354908,16.1347266386767,61900
2001-11-30,16.8070069152883,16.8910419498647,16.3308083860218,161200
2001-12-07,17.3728428147696,17.5072988700919,16.6669485243275,57100
2001-12-14,17.5897464224117,17.5897464224117,16.8070069152883,254100
2001-12-21,17.6745844276645,17.9008191083386,17.3635117417376,133700
2001-12-28,18.0025711890866,18.0423495976483,17.6180257574959,58800
2002-01-04,18.1446369339499,18.7242651729925,17.8434575548396,139800
2002-01-11,18.0139364486756,18.2980679384024,17.6729786610035,112700
2002-01-18,17.9002838527849,18.3548942363477,17.9002838527849,146000
2002-01-25,17.6843439205926,17.9343796315521,17.6616134014145,40500
2002-02-01,17.7582181079216,17.7582181079216,17.4456734692221,372100
2002-02-08,18.3548942363477,18.4174031640876,17.7639007377161,398500
2002-02-15,18.7526783219652,19.048175071281,18.326481087375,212700
2002-02-22,19.3209413014187,19.3209413014187,18.5821994281291,142200
2002-03-01,19.0652229606646,19.377767599364,18.8947440668285,141200
2002-03-08,19.7414559062142,19.7414559062142,19.0368098116919,85400
2002-03-15,19.6978372503333,19.8812328837376,19.2641150034733,238500
2002-03-22,20.058897403598,20.2021752421952,19.5488282981923,66500
2002-03-29,19.9156195650009,20.9185644351808,19.7723417264038,169600
2002-04-05,19.7723417264038,19.9156195650009,19.6806439097016,183600
2002-04-12,21.2910868155333,21.2910868155333,19.7436861586844,270200
2002-04-19,20.8268666184786,21.3999779728672,20.7752865965837,172400
2002-04-26,20.1677885609319,20.9185644351808,19.9729307004398,178700
2002-05-03,20.5460420548283,20.6893198934254,20.1391329932124,154500
2002-05-10,20.0875529713175,20.7466310288643,20.0646285171419,157500
2002-05-17,20.4829998058455,20.6205465308988,19.9442751327203,54900
2002-05-24,20.259486377634,20.5746976225477,20.1735196744757,82100
2002-05-31,20.058897403598,20.6320087579865,19.5430971846484,685400
2002-06-07,20.058897403598,20.259486377634,19.7780728399477,505600
2002-06-14,20.1680747876129,20.3703334172881,19.9369220679841,250900
2002-06-21,20.3703334172881,20.4107851432231,20.040940791817,283600
2002-06-28,20.1969688775665,20.4916885950932,19.9773737939191,308500
2002-07-05,20.0813925177521,20.2200841495293,19.7231058023274,186600
2002-07-12,19.7924516182161,20.1680747876129,19.5612988985873,243500
2002-07-19,19.3301461789585,20.3067664193901,19.3301461789585,292300
2002-07-26,19.0123111894689,19.3474826329306,17.8912204992692,511000
2002-08-02,19.6999905303645,20.4974674130839,18.9834170995153,336500
2002-08-09,19.9947102478913,20.3703334172881,19.6017506245223,137200
2002-08-16,20.0813925177521,20.3992275072417,19.7404422562996,137100
2002-08-23,19.6017506245223,20.1680747876129,19.3994919948471,164500
2002-08-30,20.2258629675201,20.4859097771025,19.6479811684481,411100
2002-09-06,19.9311432499933,20.329881691353,19.8444609801325,74700
2002-09-13,20.1923098944391,20.2797224913848,19.8444609801325,166800
2002-09-20,20.1631723621239,20.2097924138283,19.9592096359175,196500
2002-09-27,20.0116571940848,20.1573448556609,19.7027993515436,203000
2002-10-04,19.3764589896133,19.9883471682327,19.0909111729243,280800
2002-10-11,18.6480206817331,19.5571116899676,17.9487199061681,205200
2002-10-18,18.4440579555267,19.2307713280373,18.205130190542,397500
2002-10-25,18.9335684984222,18.9393960048852,18.216785203468,114700
2002-11-01,18.496505513694,19.050118627683,18.205130190542,290200
2002-11-08,18.6480206817331,18.9044309661069,18.496505513694,117300
2002-11-15,18.3391628391919,18.5897456171027,18.065270035429,175500
2002-11-22,17.7738947122769,18.3857828908962,17.6923096217943,298700
2002-11-29,17.6048970248487,17.7738947122769,17.3368317275488,325300
2002-12-06,18.0827525548181,18.0885800612811,17.6282070507008,286200
2002-12-13,18.2935266032617,18.3523482322111,17.9895124514094,504700
2002-12-20,18.3935233724757,18.4405806756352,17.9700076440401,399300
2002-12-27,18.7346888203822,18.7699817977518,18.3582303951061,194500
2003-01-03,18.6758671914328,18.9111537072304,18.3935233724757,344500
2003-01-10,18.6229277253783,18.8935072185456,18.3994055353706,197700
2003-01-17,18.1464725308882,18.8111569380164,18.0582400874642,270100
2003-01-24,17.9405968295654,18.1641190195731,17.881775200616,67200
2003-01-31,18.4405806756352,18.5052844674796,17.8229535716666,115500
2003-02-07,18.0817687390439,18.558223933534,18.0347114358844,161600
2003-02-14,18.2111763227326,18.3817590466858,17.9464789924603,111300
2003-02-21,18.7405709832771,18.7935104493316,18.1170617164136,126200
2003-02-28,18.4699914901099,18.7640996348569,18.4111698611605,128800
2003-03-07,17.7111924766627,18.5464596077441,17.6641351735032,243000
2003-03-14,17.7883468137698,17.930891162194,17.5982876825375,317900
2003-03-21,18.2041011633403,18.2159798590424,17.7645894223657,464000
2003-03-28,17.8239829008758,18.1744044240853,17.8061648573228,462100
2003-04-04,17.8774370315349,18.0259207278101,17.5032581169214,449100
2003-04-11,17.936830510045,18.4713718166357,17.8774370315349,268900
2003-04-18,18.2694339897014,18.3822815988706,17.954648553598,89500
2003-04-25,18.4594931209337,18.7208244263781,18.2100405111914,144200
2003-05-02,18.7980359484412,18.7980359484412,18.3644635553176,221200
2003-05-09,19.5701511690722,19.6592413868374,18.7683392091861,473200
2003-05-16,20.104692475663,20.134389214918,19.5166970384132,173500
2003-05-23,20.4016598682134,20.4016598682134,19.8968153008777,158100
2003-05-30,20.1937826934281,20.6392337822537,19.8730579094737,295700
2003-06-06,21.0015340011652,21.1143816103344,20.140328562769,272200
2003-06-13,21.2193200293667,21.5127022758224,20.9362011748042,356400
2003-06-20,21.1295091375945,21.2552443860755,20.9498873540502,396200
2003-06-27,21.0037738891135,21.1654334943034,20.8481016767085,356800
2003-07-04,21.2851813499996,21.4648031335439,20.955874746835,451900
2003-07-11,21.8360214862021,21.9737315202527,21.1654334943034,685500
2003-07-18,21.5486266325312,22.2671137667084,21.4348661696198,216200
2003-07-25,21.5306644541768,21.554614025316,21.3270930994933,125300
2003-08-01,22.4527229430375,22.4527229430375,21.4947400974679,255600
2003-08-08,22.123416339873,22.4527229430375,22.0036684841768,209400
2003-08-15,22.3928490151894,22.6024077626578,22.153353303797,150500
2003-08-22,22.153353303797,22.9017774018983,22.1114415543034,306600
2003-08-29,22.752092582278,23.0095504720249,22.0994667687337,243500
2003-09-05,23.2909579329109,23.7220502134173,22.752092582278,171000
2003-09-12,23.4659871581129,23.5202786451111,22.7820295462021,210000
2003-09-19,22.4404812925913,23.6469587814403,22.21125056971,720600
2003-09-26,22.6214529159186,22.8325864764672,22.3379307060391,322800
2003-10-03,23.1342058486794,23.1342058486794,22.506837554478,511500
2003-10-10,23.1945297231219,23.2850155347856,22.9411694504636,243400
2003-10-17,22.9833961625733,23.6469587814403,22.9833961625733,318900
2003-10-24,22.9291046755751,23.4056632836705,22.8929103509096,236300
2003-10-31,22.7421006648035,23.0437200370158,22.5008051670337,274500
2003-11-07,23.2669183724528,23.4056632836705,22.7421006648035,282500
2003-11-14,23.5986996818863,23.8218980173234,23.0075257123503,206300
2003-11-21,23.0135580997945,23.7676065303252,22.9894285500176,255000
2003-11-28,23.5263110325554,23.640926393996,22.9833961625733,191000
2003-12-05,23.9787400908737,24.1235173895356,23.5263110325554,223400
2003-12-12,24.9398286761872,24.9398286761872,24.0390639653162,284400
2003-12-19,24.7514889224815,25.030960815077,24.2411489446984,155300
2003-12-26,24.9398286761872,25.061338194707,24.7211115428516,101600
2004-01-02,25.3954893706364,25.3954893706364,24.9094512965572,199200
2004-01-09,25.5777536484161,25.5899046002681,25.0917155743369,197900
2004-01-16,25.7600179261958,26.0577162465693,25.5169988891562,274900
2004-01-23,26.0030369632354,26.0637917224953,25.7660934021218,174700
2004-01-30,26.3068107595348,26.3675655187947,25.8207726854557,332300
2004-02-06,27.0054904910236,27.0054904910236,26.246056000275,305200
2004-02-13,27.4611511854729,27.8682080725142,26.9751131113937,152400
2004-02-20,27.4915285651028,27.6616418910305,27.370019046583,259000
2004-02-27,27.6434154632525,27.8256797410322,27.0358678706536,254300
2004-03-05,27.5522833243627,27.7953023614023,27.3396416669531,228400
2004-03-12,27.3675597604328,27.6130380836226,26.6397967187587,505400
2004-03-19,27.1535118069993,27.3186345139337,26.8477290163799,267600
2004-03-26,27.0923552488754,27.5632607464292,26.7254159001322,386900
2004-04-02,28.1320167369812,28.4989560857245,27.0923552488754,276100
2004-04-09,26.2973199932651,28.1931732951051,26.1750068770173,405100
2004-04-16,24.3403101333011,26.2973199932651,24.3280788216764,559800
2004-04-23,23.8571733241225,24.7378277611063,23.5513905335032,605900
2004-04-30,23.2089138080095,24.0039490636198,23.074369380137,458700
2004-05-07,22.3282593710257,24.2669222635525,22.3282593710257,533400
2004-05-14,22.3221437152134,22.4811507663354,21.637190264226,376500
2004-05-21,22.7563552778929,22.7808179011424,21.8940478083463,371100
2004-05-28,23.6675879939386,24.0039490636198,22.6279265058327,319600
2004-06-04,23.6308940590642,23.9733707845579,23.2456077428838,253500
2004-06-11,23.4413087288802,23.8816359473721,23.343458235882,243200
2004-06-18,24.0005137464465,24.0005137464465,22.8664370825158,314700
2004-06-25,24.8079270234841,25.0852827293368,23.8217734026748,307700
2004-07-02,25.319494214279,25.4489268770102,24.0190041268367,480000
2004-07-09,24.9250327659553,25.3318211345391,24.7771097228339,234600
2004-07-16,25.1345904103772,25.4550903371403,24.7278020417934,165400
2004-07-23,24.9311962260853,25.42427303649,24.8079270234841,220400
2004-07-30,24.7771097228339,25.0544654286865,24.1915810104783,290700
2004-08-06,24.2532156117789,25.3318211345391,24.0929656483974,284200
2004-08-13,23.7786291817644,24.3456675137298,23.735484960854,364600
2004-08-20,24.8757250849148,24.9127058456951,23.735484960854,193700
2004-08-27,24.4935905568512,25.2085519319379,24.0005137464465,344200
2004-09-03,25.1161000299871,25.2701865332385,24.3148502130795,263900
2004-09-10,25.0483019685564,25.3626384351894,24.7154751215333,263400
2004-09-17,25.1850956073685,25.3589143594036,24.8809127913071,483900
2004-09-24,24.9864456050427,25.3589143594036,24.9057440415979,265600
2004-10-01,25.3402909216856,25.4209924851304,24.2477159088936,320600
2004-10-08,25.23475810795,25.4147846725577,24.9678221673247,288900
2004-10-15,25.7313831137645,25.7313831137645,25.1043940439237,294700
2004-10-22,25.6444737377469,26.072812805262,25.5761877994475,165600
2004-10-29,27.2647128192168,27.3950768832431,25.4458237354211,453000
2004-11-05,25.6444737377469,27.6247659484323,25.4334081102758,345000
2004-11-12,28.2145081428371,28.2145081428371,25.6568893628923,213200
2004-11-19,26.0790206178346,28.2765862685639,25.9176174909449,294900
2004-11-26,27.066062816891,27.4323237586792,25.7624221766279,169300
2004-12-03,28.05931282852,28.3076253314273,26.6625549996667,312500
2004-12-10,27.8172081381854,28.4317815828809,27.5813112604236,204400
2004-12-17,27.7401168897107,28.4773542304733,27.6776391489681,283400
2004-12-24,28.1149833341663,28.4273720378792,27.433975960072,187900
2004-12-31,28.1774610749089,28.7085218712209,27.9587889823098,437500
2005-01-07,26.8779240674629,28.2899210082455,26.8216941007946,619600
2005-01-14,26.9966317748739,27.4152326378492,26.5467920415272,369700
2005-01-21,26.8154463267204,27.4589670563691,26.7842074563491,285800
2005-01-28,26.5218009452302,26.9341540341313,26.2406511118885,263100
2005-02-04,26.6779952970867,26.8029507785718,26.1781733711459,439300
2005-02-11,26.6467564267154,26.8216941007946,26.3656065933737,448600
2005-02-18,26.7717119082005,26.927906260057,26.5155531711559,461400
2005-02-25,26.5405442674529,26.9903840007996,25.7595725081706,278000
2005-03-04,26.2406511118885,26.5842786859728,25.6908469933537,364400
2005-03-11,25.6158737044626,26.3656065933737,25.4522744128104,263500
2005-03-18,25.3893516083288,25.8235189592519,25.1817063535395,339500
2005-03-25,25.1691217926432,25.395643888777,25.0495684641281,418900
2005-04-01,25.1376603904024,25.6913810698405,24.0239267510779,360500
2005-04-08,24.8670923311315,25.1879986339877,24.8041695266499,175000
2005-04-15,24.6720316372385,25.4522744128104,24.6216933936532,223900
2005-04-22,24.4455095411047,25.1187835490579,24.3070793712451,569300
2005-04-29,25.395643888777,25.6032891435663,24.3511253343823,173000
2005-05-06,25.5026126563957,25.7668884352185,24.8041695266499,262300
2005-05-13,25.2823828407101,25.8927340441817,24.6405702349977,283900
2005-05-20,26.1507175425563,26.2325171883823,25.3264288038472,324100
2005-05-27,25.8927340441817,26.4590392845161,25.8172266788037,483900
2005-06-03,25.8990263246298,26.2891477124158,25.8235189592519,299000
2005-06-10,26.4212856018272,26.6415154175128,25.9179031659743,126800
2005-06-17,27.9407850830674,28.1752089034922,26.1034091932511,288800
2005-06-24,27.5606383472433,28.8974877015579,27.2818640743057,193900
2005-07-01,28.409632723917,28.4856620710818,27.4212512107745,216400
2005-07-08,29.1192399641219,29.1382473009131,28.061164882745,218000
2005-07-15,28.8594730279755,29.9682343407956,28.5110051868034,245200
2005-07-22,29.2016050902171,29.5754160471108,28.7961152386715,262000
2005-07-29,29.4170215738507,29.752817857162,28.8911519226275,218000
2005-08-05,27.7190328205033,29.6197664996236,26.9333962331336,374500
2005-08-12,28.0991795563274,28.187880461353,27.4656016632873,449900
2005-08-19,27.9407850830674,28.6693996600634,27.8710915148329,211500
2005-08-26,27.8774272937633,28.6060418707594,27.8774272937633,145500
2005-09-02,28.5933703128986,29.3346564477555,27.8710915148329,253900
2005-09-09,28.8277941333235,29.2079408691475,28.6693996600634,83600
2005-09-16,29.2661716794486,29.3554366911071,28.6158123087942,291800
2005-09-23,28.411777996432,29.3044281130165,27.748666481255,171200
2005-09-30,29.2024109568354,29.2279152458807,28.0738461665822,166700
2005-10-07,28.0865983111048,29.6997445932182,27.9845811549238,210400
2005-10-14,28.2970086957283,28.3607694183415,27.1620678332138,436700
2005-10-21,28.8899834160309,29.393693124675,28.2460001176378,240400
2005-10-28,29.3235563298005,29.5849752925145,28.711453392714,192100
2005-11-04,30.5222579149282,30.5222579149282,29.0748895116091,229000
2005-11-11,31.019591551311,31.2300019359345,30.3692321806566,365300
2005-11-18,30.7007879382451,31.2108737191506,30.1205653624652,328600
2005-11-25,29.9037789055804,30.7199161550291,29.795385677138,178400
2005-12-02,30.2799671689982,30.2863432412595,29.5084624253787,391300
2005-12-09,30.5031296981443,30.5668904207575,29.7507531713088,426500
2005-12-16,30.9824907808405,31.1941723948711,30.2990953857821,616100
2005-12-23,31.3801956314434,31.5277313018284,30.373104316207,1120800
2005-12-30,31.5598042736512,31.7394129158589,31.0594659132152,364300
2006-01-06,32.3872869466798,32.5540664001585,31.4956583300055,546400
2006-01-13,33.2275988084376,34.1191632791683,32.3423847861279,813100
2006-01-20,34.0614960758308,34.1833733687575,33.0672339493235,300500
2006-01-27,35.2802690050979,36.3579208583445,34.1577149912993,523300
2006-02-03,34.7029555122872,35.5047798078576,34.4656155207983,364300
2006-02-10,34.2667630954969,35.1519771178066,34.0871544532891,188100
2006-02-17,34.6388095686415,35.0557582023381,33.9845209434561,201400
2006-02-24,34.4592009264338,34.8825641544949,34.2026171518512,147600
2006-03-03,33.3558906957289,34.6195657855478,33.0351609775007,422600
2006-03-10,34.8184182108493,34.9787830699634,32.4642620790546,374400
2006-03-17,35.7739096689598,36.0125313847975,34.0842099514067,319600
2006-03-24,35.1225368770787,35.7739096689598,34.3163824316811,323000
2006-03-31,36.0641252693029,36.0641252693029,34.9097121034937,219300
2006-04-07,34.1809484848544,36.102820682682,33.9552252401431,426400
2006-04-14,33.0071876123556,34.0197175957749,32.9104490789079,225800
2006-04-21,33.7681974088108,34.6968873299088,32.2461778159003,340000
2006-04-28,33.5037787507205,34.0519637735908,32.697624305323,143500
2006-05-05,35.025798343631,35.4514478908008,32.7685658965179,337100
2006-05-12,33.38124327502,34.8903643968042,33.1490707947456,370800
2006-05-19,33.4779818084677,34.0519637735908,33.1168246169297,338200
2006-05-26,34.0519637735908,34.3808747873129,32.8911013722184,303000
2006-06-02,35.1934784682736,35.5159402464326,33.7295019954318,292500
2006-06-09,35.6320264865699,37.4055662664444,34.5679026186452,253500
2006-06-16,35.5702316477361,36.1472915486928,34.6884322485214,411900
2006-06-23,35.3368141597087,35.8555196886586,34.915365917437,303000
2006-06-30,38.2545327600516,38.5657560774215,35.3497817979325,456500
2006-07-07,37.8979227088986,38.7084000978827,37.0744776816907,376600
2006-07-14,38.3517900467297,39.2919438179513,37.8006654222205,291900
2006-07-21,38.0146314529123,40.5822238212141,37.930341804458,937600
2006-07-28,39.2271056268326,40.7183840225634,37.930341804458,2566300
2006-08-04,39.3567820090701,39.4670069339719,37.3792171799487,344400
2006-08-11,38.9029146712389,39.9273580909149,38.6565295449878,379800
2006-08-18,38.9353337667983,40.6211267358853,38.6759810023234,467400
2006-08-25,38.9677528623577,39.1298483401545,38.7343353743302,348500
2006-09-01,39.4540392957482,40.0959373878236,38.8056573845608,462300
2006-09-08,39.4216202001888,39.8754875380199,39.2919438179513,208500
2006-09-15,39.6434709413734,40.1646669438894,39.2851486896437,366900
2006-09-22,39.3177234398009,40.0017931931032,38.5098696359011,264500
2006-09-29,39.2851486896437,40.1320921937322,38.9594011880712,287500
2006-10-06,39.4480224404299,40.2428463442668,38.7965274372849,357700
2006-10-13,40.0995174435749,40.7835871968772,39.1092450387945,388700
2006-10-20,41.259178549173,41.721740001406,40.1646669438894,297600
2006-10-27,41.8911287022237,43.0442748577903,40.8552516472231,338800
2006-11-03,41.3047831993932,43.2201785086395,41.2135738989529,431200
2006-11-10,42.7706469564695,42.822766556721,41.2396336990787,325300
2006-11-17,44.008487462445,44.4189293144263,42.4448994548969,252200
2006-11-24,45.630710020276,45.9955472220372,44.4319592144892,129300
2006-12-01,46.6079525249935,46.9076402264402,44.65998246559,316800
2006-12-08,47.7610986805602,48.699251485089,46.5884076748992,363100
2006-12-15,47.0944975844851,48.4060787336737,46.9636795356393,224300
2006-12-22,45.6424172422968,47.1010384869274,45.4592719739127,265000
2006-12-29,46.2507211694297,47.4804108285802,45.5966309252008,328300
2007-01-05,45.1322268517982,47.0290885600622,44.8313453394529,209400
2007-01-12,47.2907246577538,47.3692154870613,44.0595188512627,216600
2007-01-19,48.3045645363087,48.3176463411933,46.7674524623706,162900
2007-01-26,48.9586547805376,48.9586547805376,47.1926111211194,253700
2007-02-02,49.6127450247666,50.5284713666871,48.2718600240972,299700
2007-02-09,50.0379036835154,50.2406716592264,48.3045645363087,402000
2007-02-16,49.8416766102467,50.7574029521673,49.0240638049605,206300
2007-02-23,49.1090955367103,50.7574029521673,49.0698501220566,196100
2007-03-02,45.5246809983356,49.599663219882,45.4919764861242,822600
2007-03-09,45.5704673154316,45.917135144873,43.6605238022831,524200
2007-03-16,45.2711117266486,46.1775849446227,44.305520690111,354200
2007-03-23,47.3862159019215,49.6983794724062,45.5207202939168,457200
2007-03-30,46.322095167778,48.2598458873603,45.4550338288463,415100
2007-04-06,46.4403308049051,47.4584710134992,46.2367027631862,179500
2007-04-13,46.4403308049051,46.8278809488215,45.6061126985086,272900
2007-04-20,46.0462120144815,47.215431092738,45.4550338288463,318500
2007-04-27,46.2498400562004,46.9526852324556,45.3762100707615,300500
2007-05-04,45.1725820290427,46.5060172699756,44.7916005316333,310200
2007-05-11,45.9082704378333,46.3746443398345,44.8966988757463,297800
2007-05-18,42.7618887609522,45.8228780332415,42.6633590633463,333500
2007-05-25,42.4991429006698,44.1544418204486,41.8816901290063,346100
2007-06-01,44.5025800853227,44.8966988757463,42.4991429006698,391700
2007-06-08,43.6026755138557,44.7653259456051,42.7947319934875,382700
2007-06-15,42.7553648267667,43.7076884980821,42.2329094793089,348700
2007-06-22,40.3414888543351,42.7553648267667,39.8454869421917,543500
2007-06-29,41.9088548967085,42.325496502909,39.8256468657059,463600
2007-07-06,43.0860327681956,44.0912633101397,42.0609621497658,281600
2007-07-13,41.3996262669078,43.284433533053,40.9366911489073,429700
2007-07-20,39.1510842651908,41.7170674906797,38.9196167061905,377700
2007-07-27,34.3960792674421,39.2833514417624,33.6619964374698,942100
2007-08-03,34.4886662910422,35.262429273986,32.63692581904,1019200
2007-08-10,35.6129372919008,36.1816861511586,33.4503689549553,736100
2007-08-17,36.3073399689016,40.3348754955065,34.3233323203278,632000
2007-08-24,36.4726739396161,37.0281960812168,35.8245647744153,561300
2007-08-31,37.3654773814743,37.5969449404746,34.9383746913856,344200
2007-09-07,36.3933136336731,38.0863334937895,36.0824857687299,281800
2007-09-14,36.986105903717,37.1661031746976,35.9766720274726,330200
2007-09-21,39.099407196341,40.1660576910409,36.666110755307,675400
2007-09-28,37.8994253898037,39.6660652716503,37.2394353962082,516300
2007-10-05,42.6326869600343,42.6326869600343,37.7060949876394,347400
2007-10-12,41.0660440459439,42.4660228202374,40.8327142502283,314200
2007-10-19,37.5327642822507,41.1993753577814,36.5394460090614,640100
2007-10-26,37.8994253898037,38.4327506371536,36.5727788370208,315500
2007-11-02,37.1527700435138,38.9327430565442,36.5794454026127,368700
2007-11-09,35.9994541961196,37.4794317575157,35.6661259165259,584000
2007-11-16,35.4461292519941,36.7327764112258,35.0328021852979,763300
2007-11-23,35.4994617767291,35.7327915724447,34.0328173465168,270000
2007-11-30,35.9661213681603,36.6727773208989,33.6328234110044,630700
2007-12-07,37.832759733885,38.0660895296006,34.9861362261548,367200
2007-12-14,35.340548763195,38.8927436629929,35.340548763195,568800
2007-12-21,35.4548107124104,36.664643115867,34.1105524863474,1008200
2007-12-28,34.7826815993789,36.429397926306,34.5743215743391,557300
2008-01-04,32.7662942602845,35.5825152438864,32.4705574505506,545200
2008-01-11,29.8761390742491,33.6266195249648,28.1689311271492,1831500
2008-01-18,29.5064680620818,30.6625301364959,29.0090925184385,884000
2008-01-25,30.8843327437963,31.9731819069073,27.1069671285594,847700
2008-02-01,34.1239950686081,34.1307163597384,30.4340062380652,724300
2008-02-08,31.4421999076125,34.0836673218262,31.0254798575329,491500
2008-02-15,31.495970236655,32.6318684376782,30.642366263105,442300
2008-02-22,32.4436722860294,33.0217033232364,31.0523650220542,302100
2008-02-29,32.6318684376782,34.036618283914,32.3025251722928,537700
2008-03-07,33.6064556515738,34.3390763847781,32.2285909698593,714100
2008-03-14,34.5655269579605,35.8043178511867,33.2502272216671,853700
2008-03-21,35.4874551137327,36.8025585124078,33.8944174916262,712900
2008-03-28,35.2501941912913,37.4194369107554,35.1281742883214,692500
2008-04-04,37.3652058427688,38.0430941926013,35.182405356308,570800
2008-04-11,36.4432776869965,37.7638041924703,36.2263534150501,327600
2008-04-18,38.1990085130628,39.1683888533233,36.3348155510233,313700
2008-04-25,39.8598349701525,40.1242114265872,36.5110665219798,267200
2008-05-02,39.5141119117379,40.6055121549682,38.4023750180125,265600
2008-05-09,37.6295822992035,39.663247348701,36.8839051143877,329000
2008-05-16,38.1651140955712,39.5412274457312,37.5211201632303,287300
2008-05-23,36.8974628813843,37.8939587556381,36.1382279295719,415100
2008-05-30,38.9785801153702,38.9785801153702,36.931357298876,236500
2008-06-06,37.9617475906214,40.2326735625604,37.3855424932638,343000
2008-06-13,39.1060655760726,39.2153767307226,37.4872257457386,354800
2008-06-20,38.3340555463562,39.3725115155322,37.8319074296823,701700
2008-06-27,35.7857392535758,38.8396196366129,35.4168141066317,647200
2008-07-04,35.3553265821411,36.3322950268263,34.7746110730624,265300
2008-07-11,36.0658490873667,37.486894097818,34.1597358281556,471800
2008-07-18,35.2733432161535,36.8583549585799,34.2485511413088,557800
2008-07-25,36.0521851930354,37.2204481583584,34.7404513372343,640000
2008-08-01,35.9906976685448,36.7012201737704,35.3621585293067,564000
2008-08-08,36.5850770719547,36.9540022188988,35.5261252612818,842000
2008-08-15,38.5321820141595,39.5296463003417,36.5577492832921,414800
2008-08-22,37.6986844599525,39.0104183157537,36.6260687549484,231500
2008-08-29,36.7763715925923,37.6235330411306,36.1614963476855,332900
2008-09-05,36.9608341660644,37.9241387164184,36.1683282948512,517700
2008-09-12,38.3067277576937,38.9420988440974,36.6465645964453,384700
2008-09-19,40.9097283938925,41.5091130975416,35.6323872100391,856700
2008-09-26,39.6145062756621,41.0337390222337,37.4994361145094,429800
2008-10-03,36.5211300464844,39.8763064910491,36.2662193104497,616900
2008-10-10,30.3137091500719,38.0505944626925,27.1721065654281,680200
2008-10-17,31.174894069108,35.0674499031514,27.0343169783823,568100
2008-10-24,26.669174572711,32.1532001371331,25.0845943216845,457300
2008-10-31,31.1886730278126,31.1955625071649,23.3415560455554,761500
2008-11-07,28.9289238002618,32.7766980185152,28.0815178399302,772700
2008-11-14,29.3216241233423,31.5538154334839,26.7518483249385,1269700
2008-11-21,27.1721065654281,30.9475412504825,22.7283923832016,1317600
2008-11-28,32.8352585930097,33.3864169411928,26.6760640520633,756300
2008-12-05,31.6847155411774,33.3519695444314,27.1169907306098,905500
2008-12-12,30.2808630287724,33.2692957922039,27.850874250423,1616800
2008-12-19,31.9728036394856,34.5350840705245,29.1320144659424,1652900
2008-12-26,30.8378805137808,32.4671566574306,29.6959946695135,623600
2009-01-02,30.2251612802715,32.3836040346793,29.3130451485702,458200
2009-01-09,28.2338237713663,30.8100296395304,28.1572338671776,1507900
2009-01-16,29.3200078671328,29.333933304258,25.7620586816413,1296600
2009-01-23,28.9788346575651,29.9640593341738,26.2285608253358,752700
2009-01-30,29.8700626335786,32.2861259748028,28.9667891544518,791200
2009-02-06,30.2599748730846,31.6455558670431,27.9762031845499,893000
2009-02-13,26.1589336397098,30.5593717712766,26.0266419870203,879100
2009-02-20,25.9570148013942,26.4083382186223,24.1397452565541,664900
2009-02-27,23.9517518553638,27.0501616157233,22.9560831009111,1167500
2009-03-06,21.034372777632,24.3764776876827,19.6981574582823,821900
2009-03-13,24.9568258310183,25.2317739122074,20.1918838315567,826400
2009-03-20,23.8781833586607,26.7193135309489,22.7713410831042,868400
2009-03-27,25.4009727314008,26.7475133341478,23.64201000687,883100
2009-04-03,29.5463438016377,29.5463438016377,24.3505300622421,823400
2009-04-10,31.1960322887728,31.3652311079662,27.9319050685012,725800
2009-04-17,30.5897365199967,31.4075308127645,27.7627062493079,788800
2009-04-24,30.885834453585,31.5908295335573,29.2290960156502,924900
2009-05-01,29.9411410464222,31.3652311079662,29.1374466552538,841900
2009-05-08,29.7507923748297,30.9704338631817,27.2621597425276,805800
2009-05-15,28.5170509848782,29.7648922764291,27.6499070365123,617300
2009-05-22,30.8294348471872,31.3581811571664,28.7214995580702,737200
2009-05-29,31.6331292383556,32.6976718091138,30.6954857819925,804700
2009-06-05,32.8245709235088,33.6635150686758,31.4075308127645,728600
2009-06-12,31.0626115144649,33.6423652162766,30.286224297066,839700
2009-06-19,32.7222282268864,33.2350711594802,29.9870659197196,838700
2009-06-26,34.2322657506348,34.3171697472531,31.2549276141876,1074800
2009-07-03,33.5983349034008,35.6140925412347,33.2137739321406,514500
2009-07-10,30.5925054929206,33.8974932807472,30.172259200934,668300
2009-07-17,33.0997376078235,33.4701241702524,30.1865048379505,426700
2009-07-24,35.2365831602976,36.0984441997955,33.0356322412493,546900
2009-07-31,36.8320945061449,37.9218857379067,34.7593543202451,426100
2009-08-07,37.2879548906727,40.2011876605457,36.3477428475841,725600
2009-08-14,34.9445476014595,37.3093233461975,33.1923342484307,2991300
2009-08-21,35.2152147047729,36.3406200290759,33.1211060633483,567800
2009-08-28,37.6440958160851,38.2637810263026,34.9445476014595,663800
2009-09-04,36.5827958583563,38.1640615671871,35.8420227334986,1111700
2009-09-11,36.6255327694057,36.9603052392934,35.7565489113996,616500
2009-09-18,36.6830071244774,38.2779204777155,35.8568132703225,1053900
2009-09-25,36.2160279895203,38.1414188844204,35.5981786725001,631200
2009-10-02,35.4760456679728,37.8899685809819,35.2102267757665,1076200
2009-10-09,35.8065232096348,38.4790807204663,35.1168309487751,500400
2009-10-16,35.7346802657952,36.093894984993,34.3912172159955,603200
2009-10-23,35.5981786725001,36.8195087177725,33.8667637259668,780700
2009-10-30,35.1814895982307,36.5393212367983,33.6799720719839,854200
2009-11-06,34.9084864116404,35.4975985511247,33.8021050765112,756000
2009-11-13,35.6053629668841,36.0076834523856,34.8438277621848,458800
2009-11-20,35.3682812522135,37.2433820864259,34.4199543935314,727500
2009-11-27,33.507549006769,36.4028196435031,33.507549006769,372000
2009-12-04,35.5981786725001,36.079598239169,33.0693070493477,930100
2009-12-11,33.7661836045914,35.4975985511247,33.4716275348492,460400
2009-12-18,36.5012920556534,36.5157910793101,34.2104463179004,904000
2009-12-25,37.2552412858,37.6684634600149,36.3200542599451,323800
2010-01-01,36.2838067008034,37.5089741997916,35.9865767158418,251600
2010-01-08,36.0300737868118,37.0232569072933,34.5439238620037,516800
2010-01-15,36.2548086534901,37.2262432384867,35.6675981953952,293500
2010-01-22,35.8343369674468,37.5814693180749,35.7255942900219,405700
2010-01-29,34.7106626340553,36.1533154878935,34.5149258146904,335200
2010-02-05,32.8692866296589,34.899149941592,32.456064455444,529200
2010-02-12,34.0219590103638,34.0219590103638,32.1443354468257,488600
2010-02-19,34.8049062878236,35.0223916426736,34.1582498327364,278600
2010-02-26,35.5226079588286,35.8198379437902,34.1321515901544,543500
2010-03-05,37.4871014883291,37.523674270269,35.2927345719391,653200
2010-03-12,38.6281722848519,38.6576763308973,37.2822939094661,467700
2010-03-19,39.0854849985546,40.2361427943226,38.3110037898646,550100
2010-03-26,40.0074864374712,40.7598396116272,38.8789566762373,642900
2010-04-02,39.8157101381766,40.2287667828112,39.3805254590079,384500
2010-04-09,41.9326254419292,41.9473774649519,40.0296144720052,370600
2010-04-16,42.0358896030879,43.9684046190572,41.8072332462365,775200
2010-04-23,44.3224531716012,44.3224531716012,41.5859529008966,393400
2010-04-30,44.2560690679992,45.6427592321298,42.9726430650272,574100
2010-05-07,41.0180000145239,45.0969343802911,40.5680633123326,545300
2010-05-14,43.0537791916518,44.4847254248505,42.4194422016772,498700
2010-05-21,40.1107505986299,44.0126606881252,38.2298676632399,619900
2010-05-28,39.7640780575972,40.9147358533652,38.3773878934666,653600
2010-06-04,38.3847639049779,40.6934555080252,38.2593717092853,437600
2010-06-11,39.3362693899399,39.5723017583026,37.389002350948,484600
2010-06-18,42.2368451248759,42.3558431037451,39.6412017107922,480400
2010-06-25,43.2632026926225,43.4045127925297,42.3707178511037,1071700
2010-07-02,40.0800067578722,43.5904471345127,39.9163845369271,651100
2010-07-09,42.0955350249688,42.1104097723274,38.7784663639907,410000
2010-07-16,41.225362304488,43.5978845081921,41.0989269519395,380400
2010-07-23,42.6384633035594,42.6905249193146,40.3849390787245,396400
2010-07-30,43.1888289558293,44.9068622757529,42.3260936090278,432100
2010-08-06,44.0887511710274,45.4795400490608,43.2780774399812,404400
2010-08-13,44.4308703602763,45.0184228809428,43.4788865293229,489800
2010-08-20,42.6161511825214,45.2192319702845,42.4822784562936,440200
2010-08-27,41.917038056665,42.7500239087492,40.6898713995767,509500
2010-09-03,43.6499461239473,44.1185006657447,41.4261713938297,564000
2010-09-10,43.5011986503609,44.1779996551793,42.4376542142177,377800
2010-09-17,44.1329315413612,44.4326458472448,43.4960386413585,468900
2010-09-24,42.9940171790035,44.9346673095998,42.2147599837061,610800
2010-10-01,42.7392600190024,43.1738457625336,41.6677813754685,788800
2010-10-08,43.9231315272427,44.4776029931273,42.1473242648823,407800
2010-10-15,44.2752958366559,45.2343816154834,43.7433029437125,307400
2010-10-22,45.1070030354829,46.111045960193,44.2528172637146,283100
2010-10-29,44.4026744166564,45.6389959284263,43.7807672319479,527700
2010-11-05,43.6533886519474,44.6574315766575,42.3346457060595,539300
2010-11-12,41.2556742048786,44.1629029719495,40.963452756642,548500
2010-11-19,39.9444241166378,41.8101456707632,39.712145529578,561100
2010-11-26,40.0043669778145,40.3715170025219,39.5098383731065,326700
2010-12-03,40.1542241307563,40.4089812907574,38.4458525872197,545400
2010-12-10,40.4689241519341,40.9559598989949,39.5173312307536,496700
2010-12-17,41.4107858006181,41.4107858006181,40.3607859417553,685300
2010-12-24,41.9999943545123,42.4362353030686,41.5618649170012,316900
2010-12-31,42.0906418243422,43.0348863017368,41.7053900775652,336700
2011-01-07,42.7629438922472,43.4503538717905,42.0226562219698,467300
2011-01-14,44.296396923536,44.4248141724617,42.3928000571085,578300
2011-01-21,44.4550299957383,44.923375256526,43.8658214418441,486200
2011-01-28,43.7827279278334,45.4370442522287,43.7374041929184,422400
2011-02-04,43.571217164897,44.5683393330257,43.3748143135989,251200
2011-02-11,44.7798500959621,44.8100659192387,43.5410013416203,313700
2011-02-18,45.06690041709,45.0744543729092,43.669418590546,318900
2011-02-25,46.1471160992295,46.2075477457827,44.3945983491851,383500
2011-03-04,46.6381232274747,47.7107849537949,45.9733751153889,561300
2011-03-11,45.2481953567498,46.6758930065704,44.9913608588985,493100
2011-03-18,44.1441756282661,45.2782242780268,43.3069585042818,473300
2011-03-25,43.5352904471866,44.8969099333757,42.8046282298912,457200
2011-04-01,44.9205042341425,45.5389032461764,43.1623482737754,645000
2011-04-08,43.6570674834025,45.1945025656283,43.5961789652946,326300
2011-04-15,44.6921722912377,44.7835050683996,43.3754580871532,272000
2011-04-22,44.912893169379,45.0498923351219,43.6037900300581,189300
2011-04-29,45.8642762648158,46.1611077905921,44.6008395140758,394800
2011-05-06,44.4866735426234,46.5036057049493,44.296396923536,447100
2011-05-13,43.6418453538755,44.9966148817775,43.4744019290786,471900
2011-05-20,43.69512280722,44.8291714569806,43.1699593385389,386000
2011-05-27,43.3297916985723,43.5505125767136,42.5192133012601,500900
2011-06-03,43.3526248928627,43.9538990091788,42.3631864736085,575200
2011-06-10,40.8029181970922,43.5276793824231,40.6963632904033,592000
2011-06-17,41.0110061142589,41.3870426598425,40.005683920964,692300
2011-06-24,41.0110061142589,42.1007446749297,40.7961280882112,430000
2011-07-01,43.0523473617127,43.2211800964645,41.0647256207709,375800
2011-07-08,44.1420859223835,44.4030092397272,42.6456139552651,295900
2011-07-15,44.1651085680315,44.6946294179349,43.3593159703524,701700
2011-07-22,45.4236798634541,45.6539063199338,43.3900128312163,315500
2011-07-29,43.5972166420481,45.3085666352142,43.0139762856327,592500
2011-08-05,39.8598738318602,44.0806922006556,39.146171816773,617100
2011-08-12,39.9059191231562,40.4968336947875,35.6006843869849,806300
2011-08-19,39.0617554493971,41.0110061142589,38.8622258537813,539600
2011-08-26,40.8651960251551,41.9933056619059,38.7854837016214,652400
2011-09-02,39.6219731601645,42.1698126118737,39.5912762993005,509000
2011-09-09,40.1131229339879,41.7093596989142,38.6013025364376,536600
2011-09-16,41.3662962644705,41.4514280247903,39.5529052232205,383900
2011-09-23,37.8991118441744,41.056726226944,37.1019689975438,512000
2011-09-30,38.3402491476495,40.3911506462622,37.6127595594624,537500
2011-10-07,36.1423018812118,38.5105126682891,35.7476000833656,890300
2011-10-14,37.6359773122769,37.7211090725967,36.2351728924697,828500
2011-10-21,38.0616361138757,38.4253809079693,36.5756999337488,634400
2011-10-28,41.4049925191613,41.6913448038732,37.8604155894836,806700
2011-11-04,41.7455195604404,42.2795278751735,39.470179784621,460100
2011-11-11,41.9003045792036,42.7051866767723,40.2131478746845,395800
2011-11-18,40.7471561894176,41.7068233057496,39.9345348409107,366600
2011-11-25,38.1158108704429,40.1589731181174,37.976504353556,251800
2011-12-02,40.9406374628716,41.5442990360482,38.3944239042167,473900
2011-12-09,42.1711783620392,43.5952005346608,41.2811645041507,487100
2011-12-16,42.3546632237611,42.846251982622,40.7862609931096,493200
2011-12-23,43.8294295003438,44.3756392324114,41.7772415070038,246800
2011-12-30,43.2520077835865,44.3756392324114,43.1349628410006,191200
2012-01-06,44.6019261214109,45.1695940929526,43.3456437376553,340700
2012-01-13,45.0701058917546,46.732066046513,43.9269669524987,298800
2012-01-20,47.0052489425086,47.1066878927497,45.0935148802718,363500
2012-01-27,48.4878182152637,48.8155440545043,46.638508122406,555900
2012-02-03,50.1030384229495,50.173265388501,47.2471418238528,835600
2012-02-10,49.3695567827443,50.3925295809454,49.1666788822621,318200
2012-02-17,50.6570511511895,50.9457620095682,49.283723824848,499100
2012-02-24,49.8143275645709,50.7584901014307,49.283723824848,368000
2012-03-02,48.9559979856074,50.0406144535703,48.5502421846428,668700
2012-03-09,49.205693863124,49.8221305607433,48.5190301999533,494900
2012-03-16,50.1078425573396,50.5950130510757,49.2435078103885,445200
2012-03-23,50.2492791522953,50.9721773042907,49.1570743356934,323200
2012-03-30,51.4986357410701,51.5457812727219,50.2335639750779,386700
2012-04-06,51.4593477980268,51.8443696398505,50.3750005700336,387200
2012-04-13,51.9386607031543,52.1586731841964,50.209991209252,561500
2012-04-20,52.7872802728881,53.2194476463637,51.6086419815911,489600
2012-04-27,53.8087667920122,54.0366368616629,51.7037188037557,353700
2012-05-04,53.0701534627994,54.680959127572,52.0879548867186,669000
2012-05-11,54.4059435262693,54.6495287731374,52.6301285007152,327300
2012-05-18,50.7128768802054,54.3666555832261,50.5635826966411,448000
2012-05-25,51.6086419815911,52.0879548867186,50.7050192915967,521800
2012-06-01,50.9564621270734,52.4965494943682,50.5714402852498,480500
2012-06-08,53.1801597033204,53.7223333173171,50.6028706396843,489000
2012-06-15,53.0862390435072,53.7111552831789,51.456710621072,480500
2012-06-22,52.0658061964482,54.5180091622487,52.0658061964482,1411200
2012-06-29,53.5687693045195,53.8060792689518,51.3617866352991,643000
2012-07-06,56.0921652596497,56.1633582489794,53.3235490079395,560200
2012-07-13,55.372325034205,56.3690268848207,54.47845750151,596100
2012-07-20,54.9688980946701,56.7329021636169,54.9135257696359,395500
2012-07-27,53.339369672235,54.6983647352173,53.1653423649846,409700
2012-08-03,53.1811630292801,54.1145822227138,50.3571744525356,523600
2012-08-10,52.6511707753813,53.7744379403608,52.4771434681309,357200
2012-08-17,54.3360715228506,54.3598025192939,52.105357857187,256500
2012-08-24,54.0196582369409,54.8249300495812,53.6004106331105,203900
2012-08-31,53.924734251168,54.5180091622487,53.7981689368041,294800
2012-09-07,55.6096349986374,55.8706759595129,53.861451593986,291900
2012-09-14,56.0884543799033,57.0516537809774,55.0297310712846,346100
2012-09-21,54.3769843697303,56.5659943143697,54.3451430672154,500500
2012-09-28,53.1908958510522,54.5361908823045,52.8605423374607,648400
2012-10-05,53.3580626892552,54.1700159033838,52.0844105886613,516600
2012-10-12,52.203815473092,53.3660230148839,52.0048073323742,496800
2012-10-19,52.7053159877008,53.5889121324878,52.1640138449484,342400
2012-10-26,51.3202193283049,52.6973556620721,51.0336476056713,269200
2012-11-02,52.975967059077,53.1033322691364,50.6356313242357,268000
2012-11-09,50.985885651899,53.3580626892552,50.739115557409,379700
2012-11-16,51.0654889081862,51.6704736559683,50.3410992759734,448500
2012-11-23,52.7849192439879,53.0555703153641,51.1371318388446,240600
2012-11-30,51.3361399795624,52.9918877103344,50.7009059943912,562200
2012-12-07,51.8057991916564,52.2547615571157,51.1848937926168,548100
2012-12-14,50.9631597507903,52.5259551826828,50.7708156976343,482000
2012-12-21,51.6844499501253,52.1893530896598,50.7948587042788,923400
2012-12-28,51.9729660298593,52.7984425913205,51.4680628903248,226400
2013-01-04,53.7281055149078,53.8964065614193,51.716507292318,559600
2013-01-11,54.8180551494584,54.8821698338437,53.5598044683963,652400
2013-01-18,55.523316677697,55.5633883554379,54.4053168687278,311400
2013-01-25,56.5651802989587,56.5651802989587,55.2989954257039,312200
2013-02-01,57.9035743355025,57.9837176909841,56.388864916899,633300
2013-02-08,58.456563488326,58.5126638371631,57.4084486853367,359900
2013-02-15,58.5687641860003,58.7290508969636,57.9035743355025,320500
2013-02-22,59.4343124252023,59.5945991361656,58.360391461748,436500
2013-03-01,59.9552442358331,60.1075166112482,58.3042911129108,589700
2013-03-08,60.3719896843377,61.1253372258654,59.4583554318468,323300
2013-03-15,61.2576980694387,61.4914753090773,59.9840151776146,379800
2013-03-22,62.0477039137346,62.1847457438676,60.2984052585078,347200
2013-03-29,63.6196543182011,63.9582282514708,61.7736202534687,326500
2013-04-05,62.7812807691523,64.349200531556,62.1283167549893,449600
2013-04-12,63.8614928419651,64.3048634688659,62.4991358247609,306500
2013-04-19,62.8860774627834,63.8695541260906,61.4592301725754,428700
2013-04-26,62.9344451675362,63.3133255214332,62.1283167549893,315300
2013-05-03,65.320585268675,65.4979335194353,62.9022000310343,419600
2013-05-10,67.7309092221902,67.9808090300798,65.0948693131619,305400
2013-05-17,68.6418343283682,69.2786757742803,67.3842740047951,574900
2013-05-24,65.6591592019447,70.0847235739859,65.3447691210514,327300
2013-05-31,61.5156591614537,66.3282457843586,61.4834140249518,357000
2013-06-07,60.4112632362644,62.3620939946279,59.2262544698205,471700
2013-06-14,59.3997233772614,60.6647550287089,57.3075556460214,233800
2013-06-21,54.9477850654367,60.599881610686,54.3963610122416,673600
2013-06-28,58.5239322339516,58.9861553373651,53.1151110062884,1145500
2013-07-05,59.0104828691237,59.7159812901233,57.2832281142628,386000
2013-07-12,60.3971521793643,60.8026110420077,58.7753167287906,663700
2013-07-19,62.3676822518113,62.686372917849,60.2187502798011,437200
2013-07-26,61.3540350952027,63.2029275088567,60.843156928272,317600
2013-08-02,58.9618278056065,63.2272550406153,58.6212423609861,477000
2013-08-09,60.4620255973872,60.6890825604675,58.4185129296644,397100
2013-08-16,58.4914955249402,61.7270572488347,58.0454907760324,461700
2013-08-23,60.1133309755139,60.5268990154102,57.2345730507456,484000
2013-08-30,58.9293910965951,60.9404670553064,58.6698974245033,417300
2013-09-06,57.3805382412972,59.5213610360545,57.1615904554697,791400
2013-09-13,59.2296765569492,59.5233774324382,57.0318436194238,464500
2013-09-20,59.7354947314025,60.3065797670756,58.1690900621278,922800
2013-09-27,61.2039991088475,61.5629668455563,59.2704683452116,376000
2013-10-04,61.4813832690316,62.6725034862925,60.5031961865002,458600
2013-10-11,62.3788026108035,62.3951193261085,60.469746920125,445100
2013-10-18,64.9242101983749,65.0792189937719,60.3963217012528,535600
2013-10-25,66.2132307074655,66.4253480064298,64.2307497979148,327300
2013-11-01,66.4498230793872,67.3716359105401,64.3452931393555,606700
2013-11-08,64.2470665132197,66.6129902324367,62.8193539240371,1154400
2013-11-15,65.1200107820342,65.2587028621263,63.42307239032,608100
2013-11-22,65.772679394232,66.8985327502732,65.0955357090768,365800
2013-11-29,63.8962571341634,66.1438846674195,63.3904389597101,381500
2013-12-06,63.5699228280645,64.3694418780068,62.1830020271442,360800
2013-12-13,60.9744093090026,63.5291310398022,60.4902249012999,493400
2013-12-20,62.0084302474864,64.1585372783018,60.2768555012953,811700
2013-12-27,62.5828863244218,63.4609834705945,61.6965826628643,269700
2014-01-03,62.8865273936591,63.1901684628964,61.845120591329,398100
2014-01-10,63.0752772475093,63.8795157552189,62.2874517705693,455800
2014-01-17,62.9850055782766,64.2406024321497,62.1725605551822,304800
2014-01-24,62.8783208782743,64.4047327398456,62.3941364705716,181700
2014-01-31,64.4785913783087,64.7658194167764,61.4257676551662,432400
2014-02-07,64.5934825936958,64.9545692706266,62.1315279782583,452300
2014-02-14,64.9217432090875,65.8057490463372,63.7154675126769,319700
2014-02-21,68.4833708860871,68.8772836245571,64.4047327398456,384700
2014-02-28,68.9511422630202,69.394294093799,67.4083173706794,363500
2014-03-07,70.0672283553519,71.8390150269284,68.1961428476194,670900
2014-03-14,69.5763522707599,70.576032309209,68.8086018244878,538400
2014-03-21,69.6671614633297,70.6660625815976,68.8994110170576,348500
2014-03-28,68.4948973410648,70.3441027170319,67.8179560873626,308400
2014-04-04,68.1399159519283,69.8322690861839,67.694125370222,441000
2014-04-11,67.1327594525177,69.4772876970473,66.6869688708114,610700
2014-04-18,69.9643551844672,70.0469089958943,66.9346303050927,259200
2014-04-25,70.0303982336089,71.194406974731,69.7909921804703,476200
2014-05-02,70.6082749135986,71.2687054050154,69.4277554101911,394700
2014-05-09,70.3358473358892,71.2934715484435,69.8818013730401,412400
2014-05-16,70.3028258113183,71.9456466587176,69.229626262766,338900
2014-05-23,69.2956693119077,70.6743179627403,68.8086018244878,326000
2014-05-30,69.5020538404755,70.1872504753204,69.1388170701962,348800
2014-06-06,71.4338130278696,71.821815941577,69.0562632587691,287000
2014-06-13,69.4770904358492,71.8053051792916,69.0535509172945,546100
2014-06-20,68.9123710777763,69.4521763465224,67.8493699331685,703300
2014-06-27,69.6847078469054,69.7303836773378,68.2563000588387,1041700
2014-07-04,70.0999426690178,70.3573882587275,68.6050973094131,455300
2014-07-11,70.0085910081531,70.5982244555527,68.8127147204693,458000
2014-07-18,70.3573882587275,70.5650056697837,69.0535509172945,303000
2014-07-25,69.7677548113279,70.5483962768992,69.169816667486,265100
2014-08-01,68.0154638620135,70.3490835622852,67.8825887189375,351500
2014-08-08,67.8576746296108,68.5220503449906,66.8320446189931,283300
2014-08-15,68.0569873442247,68.9621992564298,67.4590492003829,359100
2014-08-22,67.6583619149968,68.8210194169116,67.5670102541321,269000
2014-08-29,67.7164947900925,68.0237685584557,66.9856815031747,330100
2014-09-05,68.0403779513402,68.6300113987399,67.5171820754786,318500
2014-09-12,64.4697287740277,68.6549254880666,64.2190363743879,333500
2014-09-19,64.2357492010305,65.4641419592654,63.8429977749282,755500
2014-09-26,64.2106799610666,64.2106799610666,62.6480306699787,485883
2014-10-03,63.9432747347841,64.6285006271328,63.3332565623274,469758
2014-10-10,64.4195902940997,65.8736062120104,63.2747616690781,400052
2014-10-17,66.5755449310017,67.1103553835666,64.5449364939196,508317
2014-10-24,69.0406868607928,69.3164485003965,66.1827935048994,384271
2014-10-31,70.3777129922049,70.7203259383793,68.7649252211891,467056
2014-11-07,69.3248049137179,70.8289593115565,68.7753707378407,486872
2014-11-14,68.1883327020176,70.1353770058865,67.737086382666,242872
2014-11-21,67.2941964766357,68.5142328215493,66.684178304179,291513
2014-11-28,68.0128480222697,69.0657561007568,67.0769297302813,399502
2014-12-05,67.6618786627741,68.9905483808649,67.4278990897769,524371
2014-12-12,67.7364633588718,68.8156515197995,67.4362555030983,617076
2014-12-19,68.3021668303259,68.7982452591394,65.2908837361244,946799
2014-12-26,70.0601991569984,70.3299961972303,68.3369793516461,414671
2015-01-02,69.9905741143579,70.9131059293444,69.0593391690413,276244
2015-01-09,71.4614031401383,72.4361537371053,69.6206910753302,699797
2015-01-16,74.0027171965164,74.1419672817974,70.6084963677923,432013
2015-01-23,75.4648430919668,75.8738902174797,73.0279665995495,415765
2015-01-30,73.2020292061507,77.3882348949105,73.1498104241703,515115
2015-02-06,72.3491224338047,74.3987096265342,71.6180594860795,524353
2015-02-13,71.3482624458475,72.8539039929482,70.564980716142,433823
2015-02-20,71.2612311425469,72.2359817395138,70.1907461119493,410065
2015-02-27,72.392638085455,73.0888885118599,70.8260746260438,457872
2015-03-06,67.9627447474535,73.5762638103434,67.7799790105221,524227
2015-03-13,69.1069744842647,69.9126824620308,66.9531816291663,602106
2015-03-20,73.5208529711573,73.5909145344413,68.8092128403077,492181
2015-03-27,71.9532254926776,74.2302262994079,71.29639833689,467949
2015-04-03,72.9253296832432,73.5383683619783,71.6642215441311,452565
2015-04-10,70.7709366122599,73.7835838334723,70.4906903591239,435512
2015-04-17,69.6499515997158,71.366459900174,68.8354859265392,400898
2015-04-24,69.6061631226633,70.876028957186,69.1682783521382,297696
2015-05-01,66.7774275050714,70.3680826233769,66.4796658611144,525274
2015-05-08,66.9000352408184,68.0648087304151,64.2902420084891,494318
2015-05-15,66.2957542574939,66.9263083270499,64.1150881002791,377363
2015-05-22,65.7702925328638,67.171523798544,65.6476847971168,338033
2015-05-29,64.0187534507635,65.7527771420428,63.9136611058375,332850
2015-06-05,63.344410904155,65.9979926135368,63.0991954326609,449344
2015-06-12,64.1178760171571,64.4216074396466,63.0203761739664,429863
2015-06-19,66.498817637929,66.9573693574851,62.7334025561898,526583
2015-06-26,64.3118786677386,66.8250948229978,63.87978185508,672380
2015-07-03,64.2677871562428,65.5376226873211,62.971496718267,436738
2015-07-10,65.2201638045515,66.6310921724164,63.9856014826698,583550
2015-07-17,66.4018163126383,66.9838242643826,64.139921772905,593702
2015-07-24,65.987356104578,67.4335576816395,65.1693703833084,486371
2015-07-31,67.8921094011956,68.6857566081195,65.6081691057144,576828
2015-08-07,67.3630112632462,68.8003945380085,66.3400881965442,371386
2015-08-14,68.7033932127178,68.8180311426069,66.2995240059681,288657
2015-08-21,67.2571916356564,70.1055032782835,67.1337354034682,351297
2015-08-28,65.2907102229448,66.2607234758518,61.8603906285734,600843
2015-09-04,64.1531492263538,65.6169874080135,63.1478627642501,930794
2015-09-11,65.4582579666287,65.8138644203385,64.5159008642978,373520
2015-09-18,68.4186816937627,69.5121715389203,65.3515760305158,484454
2015-09-25,69.6721944430897,70.5167597706504,68.2817732090844,769742
2015-10-02,70.1522631555979,71.0768399352433,68.1786473375086,714002
2015-10-09,73.7616686607522,73.7972293061232,70.0589164614991,555937
2015-10-16,74.463991406829,74.7306962471114,72.5526067181389,357110
2015-10-23,75.5663714133294,76.4998383543176,74.2772980186314,431711
2015-10-30,76.2686941594062,78.3401017522657,74.6862454403977,664379
2015-11-06,75.5663714133294,78.3933538187087,75.3574526217749,525386
2015-11-13,74.7751470538251,76.5620694837168,74.0728243077483,339755
2015-11-20,77.7978019103583,78.1356280413826,74.4284307614581,385995
2015-11-27,78.571245947177,78.6897517978758,77.2821725524791,238925
2015-12-04,77.5577675541042,79.5669440175645,76.0108794804666,570042
2015-12-11,76.7132022265434,77.77113142633,75.1733876877448,304044
2015-12-18,77.2145371926639,79.4884493604247,75.0077681007228,672670
2015-12-25,79.4615921300968,79.9629270962173,76.6952974063248,569361
2016-01-01,78.2709215855606,80.7955012363817,78.190349894577,318610
2016-01-08,76.2118672604229,79.0228345106403,76.0507238784556,388495
2016-01-15,76.1492003896579,77.64425287791,74.5825286205314,646561
2016-01-22,76.2655817210787,77.0712986309152,72.7562369582353,564299
2016-01-29,77.5099667262706,77.7606342093309,75.3971979404772,672182
2016-02-05,79.2198770571458,79.7659740738128,76.7937739175271,795080
2016-02-12,78.9960668044135,80.258356629824,77.2100609876093,989028
2016-02-19,83.8035110331046,84.3854176902087,77.2324420128825,792135
2016-02-26,83.2842712467655,86.4355196052371,83.1678899153447,912282
2016-03-04,85.9610418694445,86.0416135604281,81.3505506631579,692793
2016-03-11,85.3164683415753,86.3280906839256,83.8751303139789,669477
2016-03-18,87.8774785614015,90.0426150827788,85.9468984965067,584130
2016-03-25,89.3750313220208,89.4923095502621,87.444451257126,423019
2016-04-01,91.7025530825014,92.9249530768623,89.3389457133312,666969
2016-04-08,89.5013309524345,92.0183021585356,88.3195272678494,696556
2016-04-15,89.3930741263656,90.692156039192,88.4548483004354,577927
2016-04-22,86.7949103007128,90.5207493979163,85.5950638117829,748039
2016-04-29,86.3889472029546,89.3209029089864,85.6582136269897,925353
2016-05-06,89.311881506814,89.311881506814,86.7046962789888,830070
2016-05-13,89.8892512458479,90.9988837130538,88.066928007022,672568
2016-05-20,89.3299243111588,91.3507183977776,87.5707508875397,560710
2016-05-27,89.4742667459173,90.782370060916,88.4097412895734,612392
2016-06-03,90.9537767021917,91.2514829738811,88.2879523602459,451807
2016-06-10,93.362491082224,93.98496783212,89.2938387024691,456705
2016-06-17,93.2168977475827,94.4754803502382,92.1264290665815,587398
2016-06-24,93.9893130632919,95.4160095876017,92.1991269786483,964173
2016-07-01,96.1066397522358,97.4879000815039,92.4627477822803,785518
2016-07-08,98.814636976722,99.1963010150724,95.7522374309104,539417
2016-07-15,99.8324077456564,100.822916797566,97.6878193396875,548856
2016-07-22,102.222351604851,103.512739544035,99.1781265370557,346380
2016-07-29,100.768393363516,106.320696397613,99.3053478831725,553990
2016-08-05,100.30494417409,101.649855547325,97.7241682957208,579103
2016-08-12,100.25042074004,101.531721440217,98.7510263036636,405945
2016-08-19,100.777480602524,103.076552071635,97.9695237489461,404991
2016-08-26,99.7233608775563,102.758498706343,98.3694531377033,393184
2016-09-02,102.803934901385,103.521826783044,99.6506629654896,390651
2016-09-09,98.5329325674634,104.294242098753,98.5056708504383,374668
2016-09-16,99.0689770069989,101.072680919497,95.5556331604263,458579
2016-09-23,102.829352842784,103.597896809221,97.8612650597396,391600
2016-09-30,103.90897412897,105.171582073832,102.55487285477,629638
2016-10-07,97.4037984130504,103.71683813736,97.0286757627653,532763
2016-10-14,98.0442517184152,98.8676916824557,95.6013798250953,430526
2016-10-21,98.2821343746936,100.423078281199,96.498014452606,335975
2016-10-28,99.2428143327408,101.017784921895,97.4129477459842,559309
2016-11-04,96.8090917723546,101.800052887733,96.031398472983,483709
2016-11-11,98.0625503842828,99.654534314761,93.6159745784644,610744
2016-11-18,99.6179369830258,100.578616941073,97.3672010813153,536169
2016-11-25,100.770752932682,101.685686226061,98.2272383770909,277605
2016-12-02,100.285838287192,103.90897412897,98.9774836776611,429266
2016-12-09,104.265798113387,105.034342079825,99.9656116345096,652828
2016-12-16,105.10365888033,105.426006239322,101.051292081579,631730
2016-12-23,105.029979483989,106.706185750745,102.745918197421,349406
2016-12-30,107.314040770558,108.078464507595,102.050568894453,317305
2017-01-06,108.575800432896,109.64415167984,105.333906993896,365386
2017-01-13,108.934987490058,109.699411227095,106.835124694342,686902
2017-01-20,111.311148022053,112.186090853602,108.400811866587,383408
2017-01-27,104.873410766765,112.140041230889,104.33002521875,498712
2017-02-03,103.768219821651,104.85499091768,101.728221535461,634400
2017-02-10,104.25634582241,104.587903105944,102.027544083097,461595
2017-02-17,107.07458273245,108.465281338385,103.109710216854,457700
2017-02-24,107.866636243115,108.142933979393,105.573365032004,323899
2017-03-03,107.8850560922,109.984918887916,106.494357486265,355834
2017-03-10,102.681448725622,107.940315639456,102.21634753622,273747
2017-03-17,104.900979663492,105.003068558148,101.13297136982,827470
2017-03-24,105.494951414219,107.054127259876,102.831359344554,404204
2017-03-31,106.506559552175,107.040206046968,102.914886622,543416
2017-04-07,110.729327467497,111.230491132173,105.968272653079,557268
2017-04-14,110.330252697478,112.539085145493,110.320971888873,329734
2017-04-21,113.049529618773,113.402200345767,110.376656740503,424546
2017-04-28,112.798947786435,116.761853060815,110.868539596574,633384
2017-05-05,113.216584173665,114.627267081641,110.608676955631,377740
2017-05-12,112.529804336887,115.564628750756,112.130729566868,483100
2017-05-19,113.504289240423,114.385966057908,111.685250753823,481051
2017-05-26,115.675998454018,116.780414678025,113.467166006003,245613
2017-06-02,120.529861354487,121.402257363367,114.780400423625,463246
2017-06-09,122.014790731304,122.608762482031,117.801303624587,508632
2017-06-16,123.299385771824,125.625260548883,120.244923715204,616528
2017-06-23,123.430157847642,125.485147610506,121.300441184311,592883
2017-06-30,123.663679411604,125.223603458869,121.683416549208,457060
2017-07-07,121.207032558726,124.401607553723,119.647108511461,335803
2017-07-14,121.328463771986,122.524094179471,118.572909317237,484717
2017-07-21,120.982851857323,122.46804900412,119.721835411929,728521
2017-07-28,124.280176340463,124.401607553723,118.74104484329,495234
2017-08-04,124.121381676969,127.287934084291,123.598293373695,408299
2017-08-11,122.001005876196,124.074677364177,120.721307705686,390964
2017-08-18,122.327936065743,124.719196880711,121.431213260129,327386
2017-08-25,124.280176340463,125.746691762143,121.767484312234,265407
2017-09-01,127.045071657771,127.54013737337,123.448839572759,316261
2017-09-08,126.475279041704,128.287406378048,124.934036719556,247168
2017-09-15,126.949260836952,128.175316027346,124.561618315472,412719
2017-09-22,126.385250792508,129.34630352584,126.178447109545,423719
2017-09-29,125.492234888805,128.866894988062,124.289013460658,608644
2017-10-06,126.911660167323,128.697691974729,124.862423672509,408917
2017-10-13,127.315867365841,129.078398754729,126.733056986582,454393
2017-10-20,126.19724744436,128.218283436952,125.454634219176,384602
2017-10-27,126.479252466582,127.795275903618,123.772004253251,375549
2017-11-03,125.868241585101,127.17486485473,122.982390191029,512357
2017-11-10,125.595636730287,127.823476405841,125.492234888805,448515
2017-11-17,125.623837232509,127.654273392507,124.383015134732,602015
2017-11-24,126.375850625101,129.205301014729,125.501635056213,315462
2017-12-01,124.552218148065,127.325267533248,122.155175459178,390192
2017-12-08,122.061173785104,126.150246607323,119.635930593994,318609
2017-12-15,121.686100153303,122.745885784498,120.181583051874,507518
2017-12-22,116.784591609026,124.023305964957,115.658569375881,381013
2017-12-29,118.364807684111,119.083947933851,116.434483855863,215281
2018-01-05,114.542009514443,118.56351748996,112.961793439357,310286
2018-01-12,110.000071095035,114.55147188615,109.375554562366,413504
2018-01-19,112.838782607165,114.494697655907,110.529963910633,520279
2018-01-26,113.292976449106,115.265880950036,112.1527606584,371473
2018-02-02,113.009105297893,116.037064244165,110.709748973067,452408
2018-02-09,105.988025491225,113.212546289595,102.297700525456,537394
2018-02-16,108.202220470686,109.243081358467,102.108453091314,554767
2018-02-23,105.760928570254,112.441362995467,103.934690830784,369271
2018-03-02,104.133400636633,107.218133813148,103.26286243958,403264
2018-03-09,108.949747835547,109.129532897982,103.868454228834,444968
2018-03-16,108.971208313095,109.091683411153,106.292213603035,561592
2018-03-23,104.232915178221,109.362093662249,103.918300141096,366613
2018-03-30,107.76995089862,109.323958506234,104.466493008813,328369
2018-04-06,108.380113394861,110.105729204543,104.814476307451,465393
2018-04-13,107.92249152268,108.875870423057,106.444754227096,416180
2018-04-20,109.638573543359,112.80379149261,108.065498357736,525748
2018-04-27,111.56439892212,112.860994226633,107.741349531608,586089
2018-05-04,111.650203023154,112.846693543127,108.885404212061,573283
2018-05-11,112.965865905674,114.014582696089,111.793209858211,297031
2018-05-18,110.820763379826,113.070737584716,110.322622904379,490987
2018-05-25,114.138521953138,114.863089917425,110.508055100502,405656
2018-06-01,117.608821150511,118.54313247288,112.06968973932,472782
2018-06-08,117.551618416488,119.04842329008,116.045279753892,460545
2018-06-15,119.384523950891,120.546020083242,116.024824394501,503399
2018-06-22,122.177874153488,122.283464710975,118.338217517615,623459
2018-06-29,123.34896942743,123.550551400813,120.632412357549,479066
2018-07-06,126.708668983819,127.025440656278,121.006778879547,386066
2018-07-13,125.009620922445,126.699069842229,123.915318781221,408710
2018-07-20,121.611524799697,125.076814913573,121.265955702469,440470
2018-07-27,120.526821800063,123.147387454046,118.606993482126,448908
2018-08-03,124.280086161629,124.376077577526,119.854881888785,362961
2018-08-10,123.665741099889,124.880032510984,122.293063852565,334967
2018-08-17,126.353500745001,127.29421662079,122.187473295078,332941
2018-08-24,124.164896462553,127.29421662079,123.550551400813,362764
2018-08-31,125.201603754239,126.209513621155,122.965003763842,434240
2018-09-07,124.683250108396,126.747065550178,123.732935091017,468581
2018-09-14,125.898350969442,126.890248046642,124.698397432147,497687
2018-09-21,125.095156263027,126.391880246878,122.35655262549,589169
2018-09-28,122.985560528105,124.988708771815,120.469528917647,380810
2018-10-05,119.743750568477,123.188778465872,118.669598611704,370815
2018-10-12,117.24707304733,123.430704582263,116.327753805047,517414
2018-10-19,120.256633935224,121.359817025963,116.879345350417,270109
2018-10-26,125.424175781318,128.56921529439,117.479322119065,461883
2018-11-02,127.398292891061,130.083672782992,125.733841210297,432316
2018-11-09,132.769052674923,134.6270452488,127.601510828829,370359
2018-11-16,133.717403051173,134.617368204144,130.465916046889,444103
2018-11-23,131.491682780383,134.501243668277,130.311083332399,313004
2018-11-30,136.465683733365,136.794703251655,130.291729243088,432677
2018-12-07,136.030216723862,138.909137508905,131.627161405561,411808
2018-12-14,136.418097951227,138.299794127941,133.417414666849,405545
2018-12-21,129.330050694899,136.90558400737,128.983935595037,617397
2018-12-28,128.101585833417,132.128220657163,122.378499534291,272732
2019-01-04,126.746374597338,128.725567985281,123.538716347913,391904
2019-01-11,132.557208386569,132.869199462501,126.648877386109,545433
2019-01-18,135.131134763008,136.466846556841,130.890006074558,414758
2019-01-25,136.90558400737,136.925083449616,133.161691096187,237846
2019-02-01,140.113242256795,141.848692616666,136.037858827435,498542
2019-02-08,142.687168633233,143.671890466644,138.992024327665,419504
2019-02-15,143.886384331347,144.715110626791,142.06318648137,312287
2019-02-22,145.339092778655,145.563336364481,139.752502575249,290082
2019-03-01,144.705360905668,145.768080508061,142.024187596878,399270
2019-03-08,149.297479554541,150.613691906128,144.022880427067,470643
2019-03-15,152.639578334535,153.905848791458,148.576000191448,444775
2019-03-22,149.959796669884,153.817504340975,148.055482959472,408456
2019-03-29,153.945112991673,156.575814406056,148.968375614464,383567
2019-04-05,147.093510054213,155.338992099294,146.01374454831,871148
2019-04-12,147.790449608023,148.673894112854,144.46280863983,4822944
2019-04-19,144.148695038113,148.732790413176,143.00512520686,545759
2019-04-26,148.85058301382,149.429729966986,141.086087421368,575069
2019-05-03,155.859242752138,156.094827953426,147.662840957326,610397
2019-05-10,153.091116637004,156.055563753212,149.910716419616,614545
2019-05-17,158.8335059184,159.775846723552,151.481284428203,993133
2019-05-24,161.984457985627,164.350126048561,156.968456408203,449189
2019-05-31,157.959877463623,163.304716717845,155.692369901226,319566
2019-06-07,164.085092697112,165.321915003874,156.330413154714,393744
2019-06-14,168.309100779259,169.242505123369,163.697358719992,451547
2019-06-21,174.097195442208,176.408482389529,167.518917207525,785023
2019-06-28,166.462046680332,175.973881425075,166.294132671338,1018511
2019-07-05,170.729037967693,171.36118482508,164.091495965131,496857
2019-07-12,170.67965149446,174.630569353128,168.137828490086,331557
2019-07-19,169.800572270906,174.472532638781,169.583271788679,432222
2019-07-26,175.667685291028,177.277684318436,169.198057297459,537988
2019-08-02,170.412964539,177.707346635566,169.90922251202,663907
2019-08-09,173.198361629361,176.724457045276,164.022354902604,628350
2019-08-16,174.452778049488,175.025661138995,169.632658261913,514846
2019-08-23,172.813147138141,177.899953881176,172.467441825507,513873
2019-08-30,177.406089148842,179.174124890596,172.447687236214,450339
2019-09-06,178.443205086743,183.855962553118,177.494984800662,461555
2019-09-13,175.534354694486,179.40130266747,169.263850968703,710759
2019-09-20,179.231070044709,181.604619672131,176.150473919523,718478
2019-09-27,180.920429210134,184.951240178838,179.618628912072,395845
2019-10-04,182.102980625931,182.907910581222,177.810020864382,428914
2019-10-11,182.023481371088,184.557520119225,180.363934426229,383041
2019-10-18,182.858223546945,183.235845007452,178.167767511177,482376
2019-10-25,179.618628912072,190.927397913562,158.412202682563,530912
2019-11-01,180.771368107303,182.361353204173,178.033612518629,375293
2019-11-08,174.679737704918,180.791242921013,174.421365126677,435535
2019-11-15,174.669800298063,176.836154992548,172.622694485842,395280
2019-11-22,171.956888226528,176.846092399404,171.221520119225,387048
2019-11-29,175.484667660209,178.396327868852,172.274885245902,271164
2019-12-06,175.136858420268,177.303213114754,173.268625931446,395909
2019-12-13,166.56,175.206420268256,164.27,473746
2019-12-20,164.55,167.11,162.05,856284
2019-12-27,164.15,165.27,162.65,170881
2020-01-03,165.93,166.98,162.84,388999
2020-01-10,165.34,166.89,162.86,535461
2020-01-17,170.85,171.85,165.18,461382
